(0|15) -0.2341445774009404
(0|51) 0.47422320127545853
(0|52) 0.33881303222271486
(0|53) 0.375602242593313
(0|84) 0.4121190764190755
(0|85) 0.48895910665179776
(0|89) -0.308283160329184
(0|90) -0.2811411400771639
(0|96) -0.24211350707221574
(0|103) 0.3891047129969601
(0|104) 0.7078634756213729
(0|106) 0.9419466816547408
(0|122) -0.6990313757035912
(0|123) -0.7984160078395031
(0|124) -1.0792426174151972
(0|125) -0.4102358364566217
(0|126) -1.012295827784584
(0|127) -0.632084586072978
(0|134) -0.5128981783537694
(0|135) -0.6194954587649575
(0|136) -0.26961758594155544
(0|137) -0.5351745730649216
(0|138) -0.5351745730649217
(0|139) -0.887357091176284
(0|146) -0.7656234944431954
(0|147) -0.4840220506175403
(0|148) -0.8362045687289028
(0|149) -0.2341445774009404
(0|150) -0.5351745730649216
(0|151) -0.632084586072978
(0|157) -0.7460279383798147
(0|158) -0.887357091176284
(0|159) -0.4973860121755218
(0|160) -0.3310545904089968
(0|161) -0.5351745730649216
(0|169) 0.3194687848555657
(0|170) 0.30424633405764473
(0|171) 0.6689454095910032
(0|173) -0.3590833140092403
(0|187) -0.29062593335338854
(1|12) 0.36791541392702204
(1|13) -0.8362045687289027
(1|51) 0.41046776461248585
(1|60) -0.29358176525280805
(1|64) 0.3606161751855226
(1|84) 0.6109534626133164
(1|85) 0.29849400516855346
(1|89) -0.3249519914221429
(1|96) -0.31769062885101534
(1|101) 0.5651959720526413
(1|103) 0.49285415053532194
(1|112) 0.49824918242202815
(1|122) -1.1372345643928838
(1|125) -0.8362045687289027
(1|133) 0.3556809575100104
(1|134) -0.6021213626955347
(1|135) -1.1883870868402653
(1|136) -0.9331145817369592
(1|137) -0.5351745730649216
(1|146) -1.1372345643928838
(1|147) -0.9331145817369592
(1|149) -0.5351745730649216
(1|157) -0.4102358364566216
(1|158) -0.29291869975584284
(1|160) -0.7112658321206028
(1|169) 0.4190679363744033
(1|171) 0.8072481077572847
(1|172) -0.5351745730649216
(1|173) -0.2341445774009404
(12|1) 0.36791541392702204
(12|24) -0.2341445774009404
(12|36) 0.30992346694933526
(12|72) 0.30992346694933526
(12|86) 0.36791541392702204
(13|1) -0.8362045687289027
(13|25) -0.673477271231203
(13|36) -0.4559933270172968
(13|48) -0.4682277834343084
(13|62) -0.4102358364566216
(13|63) -0.5351745730649216
(13|72) -0.3243212077500283
(13|86) -0.2341445774009404
(13|87) 0.30992346694933526
(13|88) -0.3133258234485652
(13|96) -0.5351745730649216
(13|101) -0.7112658321206028
(13|108) -1.1372345643928838
(13|109) -0.2341445774009404
(13|120) -0.29213652437862714
(13|132) -0.3243212077500283
(13|144) -0.2621733010011839
(13|168) -0.33105459040899676
(13|184) -0.9331145817369592
(13|185) -0.2341445774009404
(13|192) -0.5351745730649216
(13|193) 0.36791541392702204
(13|194) 0.4648254269350785
(13|196) -0.8362045687289027
(14|51) 0.6551571251053699
(14|53) 0.36791541392702204
(14|60) -0.48595655039473995
(14|64) 0.9419466816547408
(14|84) 0.4190679363744033
(14|89) -0.26047351612328945
(14|90) -0.3590833140092403
(14|96) -0.2852970998483217
(14|97) -0.38390689773427245
(14|103) 0.8450366686466845
(14|121) -0.3310545904089968
(14|122) -1.012295827784584
(14|145) -0.3590833140092403
(14|146) -0.5351745730649216
(14|147) -0.5351745730649216
(14|169) 0.367915413927022
(14|180) 0.36791541392702204
(14|185) -0.39895482604693255
(14|186) -0.4771826260872348
(14|197) 0.36791541392702204
(14|198) -0.3310545904089968
(15|0) -0.2341445774009404
(15|25) -0.2564209721120925
(15|37) -0.24328795684081014
(15|48) -0.3360506379020891
(15|60) -0.5116934772153987
(15|61) -0.25499471637406046
(15|62) -0.2682243669732157
(15|72) -0.2596409644857888
(15|84) 0.4190679363744033
(15|87) -0.2799020679616155
(15|88) -0.3432890468260084
(15|89) -0.544514599319065
(15|90) -0.5351745730649216
(15|96) -0.2755372625591654
(15|97) -0.48774992313678345
(15|98) -0.30302586680875326
(15|106) 0.5440066729827032
(15|108) -0.2852970998483216
(15|109) -0.33721489911381525
(15|110) -0.31098460763366265
(15|114) -0.5351745730649216
(15|115) -0.5351745730649216
(15|121) -0.37244727556722185
(15|122) -0.632084586072978
(15|125) -0.5351745730649216
(15|133) -0.30669524454955216
(15|134) -0.8362045687289027
(15|145) -0.4382645600568651
(15|147) -0.7112658321206028
(15|157) -0.5351745730649216
(15|168) -0.23979707995195207
(15|170) -0.3590833140092403
(15|185) -0.3388799279209534
(15|186) -0.6927824264265897
(15|187) -1.3133258234485652
(15|193) -0.28606237666643397
(15|194) -0.2827499108344418
(15|198) -0.3133258234485652
(15|199) -0.7112658321206028
(15|200) -0.4102358364566216
(16|49) -0.316679465456153
(16|51) 0.7378266989988161
(16|52) 1.1082781034212659
(16|53) 0.6261934291700534
(16|60) -0.24436374258262641
(16|61) -0.24854239810158285
(16|65) 0.6004880289351515
(16|66) 0.29733433964131467
(16|67) 0.9699754052549845
(16|89) -0.3847887142441421
(16|101) 0.3301268530376222
(16|103) 0.5191830892576711
(16|104) 0.8072481077572847
(16|113) 0.7658554225990597
(16|121) 0.6409166859907597
(16|122) -0.4102358364566216
(16|133) 0.7435790278879074
(16|135) -0.5351745730649216
(16|136) -0.8362045687289027
(16|137) -0.5351745730649216
(16|145) 0.7200979320383845
(16|146) -0.6021213626955347
(16|157) -0.7112658321206028
(16|158) -0.632084586072978
(16|159) -0.7112658321206028
(16|169) 0.4560515026275733
(16|173) -0.5351745730649216
(16|180) -0.6021213626955347
(16|187) -0.29213652437862714
(17|51) 0.41003861983260315
(17|52) 0.45223629962705786
(17|60) -0.3348147392823036
(17|67) -0.2719331382903402
(17|73) 0.2991996015575622
(17|85) 0.3856441808874536
(17|89) -0.2810001582606676
(17|96) -0.29781365727031767
(17|101) 0.32840687264334845
(17|102) 0.511821989611302
(17|103) 0.4190679363744033
(17|112) 0.3398866903267785
(17|122) -0.7984160078395031
(17|123) -0.5351745730649216
(17|125) -1.012295827784584
(17|133) 0.4121190764190755
(17|134) -0.9331145817369592
(17|135) -1.012295827784584
(17|137) -0.4102358364566216
(17|146) -0.8362045687289027
(17|147) -0.9331145817369592
(17|149) -0.4102358364566216
(17|151) -0.9331145817369592
(17|157) -0.7112658321206028
(17|158) -0.887357091176284
(17|159) -0.9331145817369592
(17|160) -0.8362045687289027
(17|171) 0.30992346694933526
(17|173) -0.5351745730649216
(17|192) 0.31552734446733377
(17|196) -0.24528094351889995
(17|200) 0.6689454095910032
(18|51) 0.4348622035576352
(18|52) 0.3167628914796407
(18|53) 0.5897641635433784
(18|65) 0.4779868729930493
(18|66) 0.511821989611302
(18|73) 0.4172770287565224
(18|84) 0.7658554225990597
(18|85) 0.7658554225990597
(18|86) 0.40141503533815853
(18|96) -0.25642097211209264
(18|101) 0.5062181120933035
(18|102) 0.9119834582772977
(18|103) 0.9419466816547408
(18|111) 0.31355775160442934
(18|112) 0.49013129219984863
(18|113) -0.3133258234485652
(18|122) -0.8709666749881148
(18|123) -0.8362045687289027
(18|133) 0.35212114674379014
(18|134) -0.5351745730649216
(18|135) -0.9331145817369592
(18|147) -0.4102358364566216
(18|148) -0.632084586072978
(18|157) -0.4559933270172968
(18|158) -0.8362045687289027
(18|169) 0.4190679363744033
(18|170) 0.6109534626133164
(18|171) 0.36791541392702204
(18|181) 0.2923382921482224
(19|50) 0.7200979320383845
(19|51) 0.31552734446733377
(19|64) 0.40930809908524707
(19|85) 0.3251634335060722
(19|90) -0.5351745730649216
(19|101) 0.36791541392702204
(19|111) 0.3029746069940074
(19|122) -1.0792426174151972
(19|134) -0.5351745730649216
(19|135) -0.5351745730649216
(19|137) -0.5351745730649216
(19|139) -0.9331145817369592
(19|145) -0.4382645600568651
(19|159) -0.5351745730649216
(19|169) 0.65046200389699
(19|187) -0.2341445774009404
(19|199) 0.30992346694933526
(19|200) -0.5351745730649216
(20|50) 0.5191830892576711
(20|52) 0.6109534626133164
(20|66) 0.3398866903267785
(20|67) -0.2341445774009404
(20|73) 0.3009686242964088
(20|85) 0.9119834582772977
(20|89) -0.2852970998483217
(20|96) -0.6143558191125463
(20|100) 0.402677520186234
(20|112) 0.6689454095910032
(20|133) 0.4648254269350785
(20|134) -0.5351745730649216
(20|135) -0.7112658321206028
(20|139) -0.5351745730649216
(20|147) -0.5351745730649216
(20|169) 0.30992346694933526
(20|181) 0.3856441808874536
(20|185) -0.2852970998483217
(20|187) -0.5351745730649216
(20|192) 0.6109534626133164
(24|12) -0.2341445774009404
(24|51) 0.4111714555283695
(24|53) 0.31355775160442934
(24|84) 0.47705988335209004
(24|85) 0.4249539148973861
(24|89) -0.3038523075565355
(24|96) -0.30334160254196435
(24|101) 0.31286784759611647
(24|103) 0.36791541392702204
(24|104) 0.817007945046441
(24|112) 0.2973343396413148
(24|122) -0.7347469279701258
(24|123) -1.0792426174151972
(24|124) -1.0792426174151972
(24|125) -0.5699366793241335
(24|126) -1.0792426174151972
(24|127) -0.8362045687289027
(24|134) -0.5765672582231466
(24|135) -0.6098081913618257
(24|136) -0.2760545226158357
(24|137) -0.5863270955123029
(24|138) -0.6021213626955347
(24|139) -1.3480879297077772
(24|146) -0.7112658321206029
(24|147) -0.5615035117872706
(24|148) -0.9611433053372027
(24|149) -0.30109136703155354
(24|150) -0.4102358364566216
(24|151) -1.012295827784584
(24|157) -0.6491179253717583
(24|158) -1.042259051162027
(24|159) -0.5765672582231466
(24|160) -0.44499794271583354
(24|161) -0.3590833140092403
(24|169) 0.3426095486622517
(24|170) 0.29182524485653905
(24|171) 0.65046200389699
(24|172) -0.3310545904089968
(24|173) -0.3590833140092403
(24|187) -0.25896816112597254
(25|13) -0.673477271231203
(25|15) -0.2564209721120925
(25|51) 0.7958186459765029
(25|52) 0.5674877688322261
(25|60) -0.2341445774009404
(25|64) 0.30424633405764473
(25|84) 0.3301268530376222
(25|85) 0.4889591066517978
(25|86) 0.3009686242964088
(25|89) -0.34135454704880874
(25|90) -0.4894170825042464
(25|102) 0.30992346694933526
(25|103) 0.8072481077572847
(25|113) 0.5440066729827032
(25|122) -1.047057934043796
(25|134) -0.3590833140092403
(25|136) -0.8362045687289027
(25|139) -0.5351745730649216
(25|147) -0.5351745730649216
(25|157) -0.7112658321206028
(25|158) -1.1372345643928838
(25|159) -0.7112658321206028
(25|160) -0.4102358364566216
(25|169) 0.3812793754850035
(25|173) -0.2341445774009404
(25|187) -0.4771826260872348
(25|192) -0.2719331382903402
(25|198) -0.32129475311984057
(36|12) 0.30992346694933526
(36|13) -0.4559933270172968
(36|51) 0.40742395521069563
(36|52) 0.45809204427611006
(36|60) -0.2608788306481852
(36|84) 0.34563901921586976
(36|85) 0.5407040374326176
(36|89) -0.3032254965442394
(36|104) 0.65046200389699
(36|106) 0.7658554225990597
(36|115) -0.4102358364566216
(36|122) -0.5765672582231466
(36|123) -1.1883870868402653
(36|124) -1.0792426174151972
(36|125) -1.012295827784584
(36|133) 0.3856441808874536
(36|134) -0.43043922254490863
(36|135) -0.8709666749881148
(36|136) -1.2755372625591654
(36|137) -0.5351745730649217
(36|139) -0.5351745730649216
(36|146) -0.9745072668951842
(36|147) -0.30109136703155354
(36|148) -0.9331145817369592
(36|149) -0.632084586072978
(36|150) -0.8362045687289027
(36|151) -0.9331145817369592
(36|157) -0.4559933270172968
(36|158) -0.6532738851429161
(36|159) -0.6021213626955347
(36|160) -0.5863270955123029
(36|170) 0.3891047129969601
(36|171) 0.4190679363744033
(36|173) -0.4559933270172968
(36|187) -0.3098652913390587
(36|200) 0.5440066729827032
(37|15) -0.24328795684081014
(37|51) 0.5132473091771653
(37|53) 0.3959441375272656
(37|65) 0.3357307305556208
(37|84) 0.5739698963601465
(37|85) 0.36271422024121425
(37|89) -0.31945451951092513
(37|90) -0.25053499358910963
(37|96) -0.3122277331495132
(37|101) 0.3620065543165017
(37|102) 0.3350341875323664
(37|103) 0.6901347086609413
(37|104) 1.1808287705698777
(37|112) 0.48668133316874473
(37|114) 0.5440066729827032
(37|115) 0.6689454095910032
(37|122) -1.094482583971934
(37|123) -0.7112658321206028
(37|125) -0.30109136703155354
(37|126) -1.0792426174151972
(37|127) -0.8362045687289027
(37|134) -0.6320845860729779
(37|135) -0.6491179253717583
(37|137) -0.5351745730649216
(37|138) -0.4559933270172968
(37|139) -1.3480879297077772
(37|146) -0.778212621751216
(37|147) -0.778212621751216
(37|148) -1.1372345643928838
(37|151) -0.5351745730649216
(37|157) -0.7984160078395031
(37|158) -0.3478589111441693
(37|159) -0.6021213626955347
(37|160) -0.30109136703155354
(37|169) 0.39742601143556044
(37|171) 1.0211279277023657
(37|187) -0.25896816112597254
(48|13) -0.4682277834343084
(48|15) -0.3360506379020891
(48|60) -0.35645917018309153
(48|84) 0.45506558964592214
(48|85) 0.3786392793187952
(48|88) -0.25049092291253794
(48|89) -0.39754156582841604
(48|90) -0.3515301761187945
(48|96) -0.3770376299136681
(48|97) -0.2396770660009014
(48|102) 0.4129937886622101
(48|104) 1.1808287705698777
(48|106) 0.7658554225990597
(48|122) -0.9331145817369592
(48|123) -0.757023322681278
(48|125) -0.5863270955123029
(48|126) -0.8362045687289027
(48|134) -0.757023322681278
(48|135) -0.8573938677988409
(48|136) -0.2760545226158357
(48|137) -0.4771826260872348
(48|138) -0.8362045687289027
(48|139) -0.9331145817369592
(48|146) -0.7347469279701258
(48|147) -0.778212621751216
(48|148) -0.9745072668951842
(48|150) -0.5351745730649216
(48|151) -0.5351745730649216
(48|157) -0.8362045687289028
(48|158) -1.3904917782608646
(48|159) -0.5351745730649217
(48|160) -0.30109136703155354
(48|161) -0.5351745730649216
(48|171) 0.5440066729827032
(48|173) -0.2341445774009404
(48|185) -0.27939970297569455
(48|187) -0.3590833140092403
(49|16) -0.316679465456153
(49|89) -0.3754737301974097
(49|96) -0.46609365392162255
(49|122) -0.778212621751216
(49|125) -0.5351745730649216
(49|127) -0.7112658321206028
(49|133) 0.39424435264937113
(49|134) -0.5351745730649216
(49|139) -1.0792426174151972
(49|147) -0.7112658321206028
(49|149) -0.5351745730649216
(49|158) -0.632084586072978
(49|159) -0.9331145817369592
(49|162) -0.5351745730649216
(49|170) -0.4559933270172968
(49|171) 0.4648254269350785
(49|187) -0.5863270955123029
(49|197) -0.41023583645662154
(50|19) 0.7200979320383845
(50|20) 0.5191830892576711
(50|60) 0.3856441808874536
(50|63) 0.3038775064499966
(50|65) 0.3186973912568404
(50|73) 0.35088207462824167
(50|84) 0.36791541392702204
(50|85) 0.5440066729827032
(50|86) 0.38430583011519137
(50|90) 0.36791541392702204
(50|99) 0.31869739125684043
(50|103) 0.6689454095910032
(50|112) 0.38315538048375886
(50|133) 0.6409166859907597
(50|145) 0.4348622035576352
(50|169) 0.4790658660496887
(50|170) 0.7200979320383845
(50|187) -0.4559933270172968
(50|197) 0.3856441808874536
(50|199) 0.4190679363744033
(51|0) 0.47422320127545853
(51|1) 0.41046776461248585
(51|14) 0.6551571251053699
(51|16) 0.7378266989988161
(51|17) 0.41003861983260315
(51|18) 0.4348622035576352
(51|19) 0.31552734446733377
(51|24) 0.4111714555283695
(51|25) 0.7958186459765029
(51|36) 0.40742395521069563
(51|37) 0.5132473091771653
(51|51) 0.46159645680487993
(51|61) 0.34443431807749914
(51|62) 0.4190679363744033
(51|63) 0.5582471120973135
(51|64) 0.4860147260050165
(51|65) 0.5739698963601465
(51|66) 0.3891047129969601
(51|67) 0.8450366686466845
(51|72) 0.43397498265274176
(51|73) 0.6052763297216259
(51|84) 0.9419466816547408
(51|85) 0.7280668617096598
(51|86) 0.5547305383744764
(51|87) 0.4387226243708734
(51|89) 0.2941291997661034
(51|90) 0.36791541392702204
(51|96) 0.49285415053532194
(51|98) 0.396560595376552
(51|99) 0.6738527440857474
(51|100) 0.40930809908524707
(51|101) 0.6109534626133164
(51|103) 0.8450366686466845
(51|108) 0.45223629962705786
(51|109) 0.34563901921586976
(51|111) 0.6882505647863898
(51|112) 1.4093080990852471
(51|113) 0.5440066729827032
(51|120) 0.47625488871586025
(51|121) 0.9419466816547408
(51|132) 0.45675066212695586
(51|133) 1.1460666643106656
(51|144) 0.47162913499002324
(51|156) 0.4849249023919561
(51|160) -0.7112658321206028
(51|168) 0.41637879786362203
(51|169) 0.6611200720790467
(51|171) 0.7200979320383845
(51|181) 0.4837107710954522
(51|182) 0.6013020769371357
(51|183) 0.4533456092516484
(51|184) 0.30992346694933526
(51|185) 0.4234327417768533
(51|186) 0.4348622035576352
(51|192) 0.4190679363744033
(51|194) 0.5624900786767164
(51|195) 0.6109534626133165
(51|196) 0.33405714666605457
(51|197) 0.5255232672886901
(51|198) 0.6866741765514348
(51|199) 0.5440066729827032
(52|0) 0.33881303222271486
(52|16) 1.1082781034212659
(52|17) 0.45223629962705786
(52|18) 0.3167628914796407
(52|20) 0.6109534626133164
(52|25) 0.5674877688322261
(52|36) 0.45809204427611006
(52|52) 0.30814720892353215
(52|63) 0.30992346694933526
(52|64) 0.7200979320383845
(52|65) 0.402677520186234
(52|73) 0.6109534626133164
(52|84) 0.7200979320383845
(52|85) 0.6409166859907597
(52|86) 0.5191830892576711
(52|97) 0.30992346694933526
(52|98) 0.30424633405764473
(52|102) 0.6689454095910032
(52|111) 0.40930809908524707
(52|112) 0.7200979320383845
(52|120) 0.3398866903267785
(52|132) 0.3398866903267785
(52|144) 0.3606161751855226
(52|156) 0.3398866903267785
(52|169) 0.8450366686466845
(52|181) 0.3009686242964088
(52|183) 0.47705988335209004
(52|186) 0.4648254269350785
(52|187) 0.36791541392702204
(52|192) 0.4190679363744033
(52|193) 0.45223629962705786
(52|194) 0.34563901921586976
(52|195) 0.3398866903267785
(53|0) 0.375602242593313
(53|14) 0.36791541392702204
(53|16) 0.6261934291700534
(53|18) 0.5897641635433784
(53|24) 0.31355775160442934
(53|37) 0.3959441375272656
(53|53) 0.3068102315251924
(53|63) 0.40930809908524707
(53|64) 0.49285415053532194
(53|66) 0.5787687792419153
(53|73) 0.7800958617136698
(53|85) 0.6952743483133523
(53|87) 0.5191830892576711
(53|98) 0.30992346694933526
(53|99) 0.3891047129969601
(53|100) 0.29733433964131467
(53|101) 0.5062181120933035
(53|110) 0.3541271294413888
(53|111) 0.39787863730446527
(53|120) 0.3227923931386562
(53|132) 0.33665772019657997
(53|144) 0.33237708854803294
(53|156) 0.31961073435246695
(53|169) 0.5897641635433784
(53|180) 0.4648254269350785
(53|181) 0.6109534626133164
(53|183) 0.43795328053477706
(53|186) 0.4648254269350785
(53|192) 0.4190679363744033
(53|193) 0.3167628914796407
(53|195) 0.4190679363744033
(53|197) 0.4648254269350784
(53|198) 0.36791541392702204
(60|1) -0.29358176525280805
(60|14) -0.48595655039473995
(60|15) -0.5116934772153987
(60|16) -0.24436374258262641
(60|17) -0.3348147392823036
(60|25) -0.2341445774009404
(60|36) -0.2608788306481852
(60|48) -0.35645917018309153
(60|50) 0.3856441808874536
(60|84) 0.30992346694933526
(60|85) 0.5292834161619969
(60|87) -0.26047351612328945
(60|88) -0.34328904682600836
(60|89) -0.5213862885792883
(60|90) -1.1372345643928838
(60|96) -0.6642692694443791
(60|97) -0.3121376025106292
(60|98) -0.28299314493875743
(60|103) -0.4102358364566216
(60|108) -0.37072729517294806
(60|109) -0.32756626256317545
(60|110) -0.3050004346644341
(60|122) -1.1883870868402653
(60|124) -0.7112658321206028
(60|125) -0.8362045687289027
(60|133) 0.5062181120933035
(60|137) -0.2341445774009404
(60|145) -0.4559933270172968
(60|147) -0.5351745730649216
(60|148) -0.5351745730649216
(60|149) -0.5351745730649216
(60|158) -0.8362045687289027
(60|159) -0.7112658321206028
(60|168) -0.24510033448563232
(60|180) -0.2341445774009404
(60|181) -0.27306264343131
(60|185) -0.37476351829440274
(60|186) -0.3243212077500283
(60|187) -0.8362045687289027
(60|193) -0.253449732596327
(60|195) -0.2719331382903402
(60|196) -0.31846546310097623
(60|198) -0.2852970998483217
(60|199) -0.7112658321206028
(61|15) -0.25499471637406046
(61|16) -0.24854239810158285
(61|51) 0.34443431807749914
(61|84) 0.36791541392702204
(61|85) 0.35212114674379014
(61|89) -0.48314557306091155
(61|96) -0.3093955298201328
(61|97) -0.26918732630765857
(61|104) 0.9419466816547408
(61|105) 0.36791541392702204
(61|108) -0.3106614317671535
(61|122) -0.910838187025807
(61|123) -0.7112658321206028
(61|127) -0.5351745730649216
(61|134) -0.6021213626955347
(61|135) -0.8709666749881148
(61|139) -0.7112658321206028
(61|146) -1.2341445774009403
(61|147) -0.7112658321206029
(61|157) -0.5351745730649216
(61|158) -1.0792426174151972
(61|160) -0.3590833140092403
(61|161) -0.5351745730649216
(61|170) 0.30992346694933526
(61|180) -0.2341445774009404
(61|184) -0.2744391722601133
(61|185) -0.25013268278507067
(61|186) -0.307930791561859
(61|187) -0.3388799279209534
(61|196) -0.2792229521361285
(61|197) -0.3243212077500284
(61|200) 0.4648254269350785
(62|13) -0.4102358364566216
(62|15) -0.2682243669732157
(62|51) 0.4190679363744033
(62|84) 0.4348622035576352
(62|89) -0.3034710687769082
(62|90) -0.4382645600568651
(62|103) 0.6311568487016034
(62|106) 0.36791541392702204
(62|112) 0.3020981294373786
(62|122) -1.2755372625591654
(62|123) -0.8362045687289027
(62|134) -0.7112658321206028
(62|135) -0.7112658321206028
(62|136) -0.5351745730649216
(62|146) -1.012295827784584
(62|147) -0.9331145817369592
(62|158) -0.26266516468971307
(62|160) -0.4102358364566216
(62|197) -0.25262798309495355
(62|198) -0.3667701426755313
(62|200) -0.9331145817369592
(63|13) -0.5351745730649216
(63|50) 0.3038775064499966
(63|51) 0.5582471120973135
(63|52) 0.30992346694933526
(63|53) 0.40930809908524707
(63|73) 0.38910471299696003
(63|84) 0.6689454095910032
(63|85) 0.51404344960526
(63|86) 0.313907847940924
(63|102) 0.5105829174957535
(63|103) 0.402677520186234
(63|104) 0.9119834582772977
(63|111) 0.2926644615078296
(63|112) 0.41046776461248585
(63|115) 0.4648254269350785
(63|122) -0.4559933270172968
(63|123) -0.7112658321206028
(63|134) -0.2341445774009404
(63|137) -0.5351745730649216
(63|147) -0.5351745730649216
(63|158) -0.9331145817369592
(63|159) -0.3590833140092403
(63|160) -0.5351745730649216
(63|169) 0.42227307624961474
(63|170) 0.3301268530376222
(63|173) -0.2341445774009404
(63|180) 0.8450366686466845
(63|200) 0.36791541392702204
(64|1) 0.3606161751855226
(64|14) 0.9419466816547408
(64|19) 0.40930809908524707
(64|25) 0.30424633405764473
(64|51) 0.4860147260050165
(64|52) 0.7200979320383845
(64|53) 0.49285415053532194
(64|73) 0.5440066729827032
(64|85) 0.8265532629526714
(64|86) 0.5255232672886901
(64|99) 0.5105829174957535
(64|101) 0.5897641635433784
(64|102) 0.4190679363744033
(64|103) 0.7200979320383845
(64|110) 0.39424435264937113
(64|111) 0.3221579233663469
(64|112) 0.4286132542806337
(64|121) 0.8072481077572847
(64|122) -0.5351745730649216
(64|133) 0.5787687792419153
(64|134) -0.2341445774009404
(64|170) 0.5062181120933035
(64|181) 0.5005409792016129
(64|192) 0.6409166859907597
(64|194) 0.41906793637440326
(65|16) 0.6004880289351515
(65|18) 0.4779868729930493
(65|37) 0.3357307305556208
(65|50) 0.3186973912568404
(65|51) 0.5739698963601465
(65|52) 0.402677520186234
(65|73) 0.3761879398930119
(65|85) 0.6409166859907597
(65|89) 0.2941291997661034
(65|90) -0.2341445774009404
(65|100) 0.34943200823300885
(65|101) 0.367915413927022
(65|110) 0.40930809908524707
(65|111) 0.4648254269350785
(65|112) 0.36791541392702204
(65|113) -0.4102358364566216
(65|114) -0.5351745730649216
(65|122) -0.2341445774009404
(65|133) 0.4190679363744033
(65|139) -0.5351745730649216
(65|145) 0.49285415053532194
(65|148) -0.5351745730649216
(65|158) -0.632084586072978
(65|169) 0.5853993581409282
(65|170) 0.4648254269350785
(65|171) 0.36791541392702204
(65|181) 0.5720353965829468
(65|183) 0.3541271294413888
(65|186) -0.2341445774009404
(65|193) 0.4560515026275733
(65|199) 0.4190679363744033
(66|16) 0.29733433964131467
(66|18) 0.511821989611302
(66|20) 0.3398866903267785
(66|51) 0.3891047129969601
(66|53) 0.5787687792419153
(66|73) 0.29182524485653905
(66|85) 0.3301268530376222
(66|86) 0.33405714666605457
(66|99) 0.7435790278879074
(66|101) 0.6689454095910032
(66|108) 0.34563901921586976
(66|111) 0.5674877688322261
(66|112) 0.6109534626133164
(66|133) -0.2341445774009404
(66|145) 0.4190679363744033
(66|169) 0.5674877688322261
(66|184) 0.4348622035576352
(66|186) 0.36791541392702204
(66|187) -0.3590833140092403
(66|192) 0.36791541392702204
(66|194) 0.45223629962705786
(66|195) 0.8072481077572847
(67|16) 0.9699754052549845
(67|17) -0.2719331382903402
(67|20) -0.2341445774009404
(67|51) 0.8450366686466845
(67|84) 0.36791541392702204
(67|87) 0.36791541392702204
(67|88) -0.30669524454955216
(67|89) -0.5351745730649216
(67|96) 0.4648254269350785
(67|99) -0.4102358364566216
(67|101) 0.36791541392702204
(67|111) 0.36791541392702204
(67|169) 0.8450366686466845
(67|181) -0.4894170825042464
(67|185) 0.5440066729827032
(67|193) -0.2341445774009404
(67|195) 0.4648254269350785
(67|196) 0.3301268530376222
(67|197) 0.6109534626133164
(72|12) 0.30992346694933526
(72|13) -0.3243212077500283
(72|15) -0.2596409644857888
(72|51) 0.43397498265274176
(72|84) 0.36107598939671653
(72|85) 0.39707364266823547
(72|89) -0.3324311192378001
(72|90) -0.25302992156131415
(72|96) -0.2849228693366662
(72|102) 0.2897921330357309
(72|103) 0.29128135689327717
(72|104) 0.6952743483133523
(72|106) 1.066885418263041
(72|122) -0.778212621751216
(72|123) -1.012295827784584
(72|125) -0.5765672582231466
(72|126) -1.0792426174151972
(72|127) -0.632084586072978
(72|134) -0.4819290611116965
(72|135) -0.6900765330506647
(72|136) -1.3802726130791783
(72|137) -0.887357091176284
(72|138) -0.5351745730649217
(72|139) -1.012295827784584
(72|146) -0.778212621751216
(72|147) -0.6098081913618257
(72|148) -1.3133258234485652
(72|149) -0.2341445774009404
(72|150) -0.4102358364566216
(72|151) -0.9331145817369592
(72|157) -0.903151358359516
(72|158) -1.1092058407926404
(72|159) -0.5351745730649216
(72|160) -0.44499794271583354
(72|161) -0.2341445774009404
(72|162) -0.2341445774009404
(72|169) 0.31466990197379696
(72|172) -0.5351745730649216
(73|17) 0.2991996015575622
(73|18) 0.4172770287565224
(73|20) 0.3009686242964088
(73|50) 0.35088207462824167
(73|51) 0.6052763297216259
(73|52) 0.6109534626133164
(73|53) 0.7800958617136698
(73|63) 0.38910471299696003
(73|64) 0.5440066729827032
(73|65) 0.3761879398930119
(73|66) 0.29182524485653905
(73|84) 1.066885418263041
(73|85) 0.5853993581409282
(73|86) 0.511821989611302
(73|99) 0.3504246817666865
(73|101) 0.6197273869208215
(73|103) 1.1082781034212659
(73|105) 0.30992346694933526
(73|112) 0.4348622035576352
(73|122) -0.887357091176284
(73|123) -0.7112658321206028
(73|124) -0.8362045687289027
(73|133) 0.6109534626133164
(73|135) -1.012295827784584
(73|145) 0.39424435264937113
(73|148) -0.7112658321206028
(73|149) -0.5351745730649216
(73|151) -0.5351745730649216
(73|158) -0.8362045687289027
(73|159) -0.8362045687289027
(73|160) -0.4102358364566216
(73|169) 0.5018089931882483
(73|170) 0.3301268530376222
(73|171) 0.5191830892576711
(73|173) -0.5351745730649216
(73|180) 0.3301268530376222
(73|183) 0.3868832530030021
(73|187) -0.632084586072978
(73|194) 0.3812793754850035
(73|199) 0.6689454095910032
(84|0) 0.4121190764190755
(84|1) 0.6109534626133164
(84|14) 0.4190679363744033
(84|15) 0.4190679363744033
(84|18) 0.7658554225990597
(84|24) 0.47705988335209004
(84|25) 0.3301268530376222
(84|36) 0.34563901921586976
(84|37) 0.5739698963601465
(84|48) 0.45506558964592214
(84|50) 0.36791541392702204
(84|51) 0.9419466816547408
(84|52) 0.7200979320383845
(84|60) 0.30992346694933526
(84|61) 0.36791541392702204
(84|62) 0.4348622035576352
(84|63) 0.6689454095910032
(84|67) 0.36791541392702204
(84|72) 0.36107598939671653
(84|73) 1.066885418263041
(84|84) 0.4544845935968596
(84|97) 0.4648254269350785
(84|98) 0.4190679363744033
(84|99) 0.4648254269350785
(84|101) 0.30992346694933526
(84|103) 0.8072481077572847
(84|104) 0.6109534626133164
(84|105) 0.36791541392702204
(84|108) 0.5440066729827032
(84|110) 0.8450366686466845
(84|111) 0.6866741765514348
(84|113) 0.36791541392702204
(84|120) 0.4544845935968596
(84|132) 0.4330335925112272
(84|144) 0.44389152009943544
(84|156) 0.44922035360450246
(84|168) 0.39424435264937113
(84|169) 0.8450366686466845
(84|182) 0.5617354399431348
(84|183) 0.5255232672886901
(84|184) 0.6689454095910032
(84|185) 0.36791541392702204
(84|193) 0.36791541392702204
(84|194) 0.4190679363744033
(85|0) 0.48895910665179776
(85|1) 0.29849400516855346
(85|17) 0.3856441808874536
(85|18) 0.7658554225990597
(85|19) 0.3251634335060722
(85|20) 0.9119834582772977
(85|24) 0.4249539148973861
(85|25) 0.4889591066517978
(85|36) 0.5407040374326176
(85|37) 0.36271422024121425
(85|48) 0.3786392793187952
(85|50) 0.5440066729827032
(85|51) 0.7280668617096598
(85|52) 0.6409166859907597
(85|53) 0.6952743483133523
(85|60) 0.5292834161619969
(85|61) 0.35212114674379014
(85|63) 0.51404344960526
(85|64) 0.8265532629526714
(85|65) 0.6409166859907597
(85|66) 0.3301268530376222
(85|72) 0.39707364266823547
(85|73) 0.5853993581409282
(85|85) 0.4324318979323848
(85|97) 0.402677520186234
(85|99) 0.4425490322239262
(85|101) 0.646669014879851
(85|102) 0.4190679363744033
(85|103) 0.5062181120933035
(85|104) 0.8797987749058964
(85|108) 0.8072481077572847
(85|109) 0.473425598696996
(85|111) 0.48739125483381984
(85|112) 0.4585764776580769
(85|120) 0.44832175100395305
(85|121) 0.7200979320383845
(85|132) 0.43539671991052803
(85|133) 0.7870447216689977
(85|144) 0.4513694440859584
(85|145) 0.6689454095910032
(85|156) 0.45752618819357904
(85|160) -0.4102358364566216
(85|168) 0.38364610876411054
(85|169) 0.9272234248340345
(85|171) 0.5440066729827032
(85|180) 0.8450366686466845
(85|182) 0.5485071742093798
(85|183) 0.3730550535794331
(85|184) 0.5853993581409282
(85|185) 0.8072481077572847
(85|186) 0.36791541392702204
(85|192) 0.3167628914796407
(85|193) 0.3541271294413888
(85|194) 0.44795750164778286
(85|195) 0.4818587662338588
(85|196) 0.9699754052549845
(85|197) 0.367915413927022
(85|198) 0.8072481077572847
(86|12) 0.36791541392702204
(86|13) -0.2341445774009404
(86|18) 0.40141503533815853
(86|25) 0.3009686242964088
(86|50) 0.38430583011519137
(86|51) 0.5547305383744764
(86|52) 0.5191830892576711
(86|63) 0.313907847940924
(86|64) 0.5255232672886901
(86|66) 0.33405714666605457
(86|73) 0.511821989611302
(86|99) 0.3086554529626998
(86|101) 0.40637366574619777
(86|103) 0.2941291997661034
(86|104) 0.9699754052549845
(86|111) 0.3452514292910782
(86|121) 0.3186973912568404
(86|122) -0.3590833140092403
(86|124) -0.5351745730649216
(86|125) -0.9331145817369592
(86|133) 0.38722056912240865
(86|139) -1.012295827784584
(86|147) -0.4102358364566216
(86|148) -0.9331145817369592
(86|157) -0.5351745730649216
(86|158) -0.632084586072978
(86|159) -0.3590833140092403
(86|169) 0.7131490720830567
(86|170) 0.7200979320383845
(86|171) 0.36791541392702204
(86|173) -0.4102358364566216
(86|187) 0.36791541392702204
(86|194) 0.290822126141062
(86|196) 0.3922747597864667
(86|198) 0.34309183020198986
(87|13) 0.30992346694933526
(87|15) -0.2799020679616155
(87|51) 0.4387226243708734
(87|53) 0.5191830892576711
(87|60) -0.26047351612328945
(87|67) 0.36791541392702204
(87|114) -0.5351745730649216
(87|122) -1.1092058407926404
(87|125) 0.36791541392702204
(87|133) 0.3009686242964088
(87|135) -0.9745072668951842
(87|136) -0.9331145817369592
(87|137) -0.4102358364566216
(87|148) -0.9331145817369592
(87|149) -0.4102358364566216
(87|158) -1.2118681826897881
(87|159) -0.8362045687289027
(87|161) -0.5351745730649216
(87|169) 0.3301268530376222
(87|180) -0.29213652437862714
(87|187) -0.2341445774009404
(87|200) 0.6109534626133164
(88|13) -0.3133258234485652
(88|15) -0.3432890468260084
(88|48) -0.25049092291253794
(88|60) -0.34328904682600836
(88|67) -0.30669524454955216
(88|96) -0.3802726130791784
(88|97) -0.2480209808849288
(88|102) 0.4648254269350785
(88|103) 0.4648254269350785
(88|104) 0.4648254269350785
(88|122) -0.8362045687289027
(88|123) -1.0792426174151972
(88|125) -0.5351745730649216
(88|134) -0.7112658321206028
(88|135) -1.2755372625591654
(88|137) -0.7112658321206028
(88|146) -1.1372345643928838
(88|147) -1.012295827784584
(88|148) -0.8362045687289027
(88|149) -0.2341445774009404
(88|157) -0.7112658321206028
(88|158) -0.887357091176284
(88|159) -0.4102358364566216
(88|160) -0.6021213626955347
(88|180) -0.3590833140092403
(88|185) -0.23842337538021538
(88|187) -0.34808792970777713
(88|195) -0.37655272325404904
(88|198) -0.29541423413986306
(88|200) -0.2341445774009404
(89|0) -0.308283160329184
(89|1) -0.3249519914221429
(89|14) -0.26047351612328945
(89|15) -0.544514599319065
(89|16) -0.3847887142441421
(89|17) -0.2810001582606676
(89|20) -0.2852970998483217
(89|24) -0.3038523075565355
(89|25) -0.34135454704880874
(89|36) -0.3032254965442394
(89|37) -0.31945451951092513
(89|48) -0.39754156582841604
(89|49) -0.3754737301974097
(89|51) 0.2941291997661034
(89|60) -0.5213862885792883
(89|61) -0.48314557306091155
(89|62) -0.3034710687769082
(89|65) 0.2941291997661034
(89|67) -0.5351745730649216
(89|72) -0.3324311192378001
(89|89) -0.31094176724083844
(89|96) -0.43826456005686515
(89|97) -0.3125711847149837
(89|98) -0.3310545904089968
(89|100) -0.41023583645662154
(89|101) -0.2852970998483217
(89|108) -0.3427403487341915
(89|109) -0.3590833140092403
(89|110) -0.2479328618865736
(89|114) -0.7112658321206028
(89|120) -0.273931735843747
(89|121) -0.9331145817369592
(89|122) -1.2341445774009403
(89|132) -0.27942455886248935
(89|135) -0.8362045687289027
(89|144) -0.30421839702679654
(89|146) -1.1883870868402653
(89|156) -0.2865326468606285
(89|158) -0.23767741736805306
(89|168) -0.33913308705485073
(89|182) -0.26047351612328945
(89|183) -0.2556842552570501
(89|184) -0.4170752609869271
(89|185) -0.24604380070064805
(89|186) -0.4739049163259989
(89|187) -0.30109136703155354
(89|193) -0.3949958698998848
(89|195) -0.35224388947893487
(89|196) -0.4357899409290098
(89|197) -0.2996461261573727
(89|198) -0.30109136703155354
(90|0) -0.2811411400771639
(90|14) -0.3590833140092403
(90|15) -0.5351745730649216
(90|19) -0.5351745730649216
(90|25) -0.4894170825042464
(90|37) -0.25053499358910963
(90|48) -0.3515301761187945
(90|50) 0.36791541392702204
(90|51) 0.36791541392702204
(90|60) -1.1372345643928838
(90|62) -0.4382645600568651
(90|65) -0.2341445774009404
(90|72) -0.25302992156131415
(90|90) -0.2341445774009404
(90|97) -0.43371693230614455
(90|98) -0.2852970998483217
(90|108) -0.26047351612328945
(90|109) -0.4497443777402952
(90|111) 0.36791541392702204
(90|145) -0.4102358364566216
(90|168) -0.30583780205601524
(90|169) 0.30992346694933526
(90|183) -0.2341445774009404
(90|184) -0.34808792970777713
(90|185) -0.5029898896935203
(90|194) -0.2799020679616155
(90|196) -1.012295827784584
(96|0) -0.24211350707221574
(96|1) -0.31769062885101534
(96|13) -0.5351745730649216
(96|14) -0.2852970998483217
(96|15) -0.2755372625591654
(96|17) -0.29781365727031767
(96|18) -0.25642097211209264
(96|20) -0.6143558191125463
(96|24) -0.30334160254196435
(96|37) -0.3122277331495132
(96|48) -0.3770376299136681
(96|49) -0.46609365392162255
(96|51) 0.49285415053532194
(96|60) -0.6642692694443791
(96|61) -0.3093955298201328
(96|67) 0.4648254269350785
(96|72) -0.2849228693366662
(96|88) -0.3802726130791784
(96|89) -0.43826456005686515
(96|96) -0.26101672380124175
(96|109) -0.4342740773240604
(96|111) -0.3590833140092403
(96|113) -0.2341445774009404
(96|120) -0.24664312289991353
(96|121) -0.3590833140092403
(96|122) -0.7112658321206028
(96|132) -0.2527600477095954
(96|134) -0.7112658321206028
(96|144) -0.2559417064957847
(96|156) -0.25249777938182016
(96|158) -0.4102358364566216
(96|168) -0.2470135035902613
(96|169) -0.4894170825042464
(96|170) -0.5351745730649216
(96|182) -0.27834823989299384
(96|184) -0.3676834857711579
(96|192) -0.4559933270172968
(96|193) -0.30669524454955216
(96|194) -0.2479328618865736
(96|195) -0.3259149507565857
(96|196) -0.25533387647087846
(96|197) -0.28739008935416543
(96|199) -0.2799020679616155
(96|200) 0.4648254269350785
(97|14) -0.38390689773427245
(97|15) -0.48774992313678345
(97|48) -0.2396770660009014
(97|52) 0.30992346694933526
(97|60) -0.3121376025106292
(97|61) -0.26918732630765857
(97|84) 0.4648254269350785
(97|85) 0.402677520186234
(97|88) -0.2480209808849288
(97|89) -0.3125711847149837
(97|90) -0.43371693230614455
(97|114) -0.7112658321206028
(97|121) -0.4682277834343084
(97|122) -0.9543038808068972
(97|125) -0.7112658321206028
(97|134) -1.3802726130791783
(97|135) -0.9331145817369592
(97|139) -0.8362045687289027
(97|145) -0.2341445774009404
(97|146) -0.2551074525118331
(97|147) -0.7112658321206028
(97|148) -1.0792426174151972
(97|157) -1.0792426174151972
(97|158) -1.1883870868402653
(97|159) -0.4102358364566216
(97|160) -0.4559933270172968
(97|170) -0.2852970998483217
(97|185) -0.3688431512983965
(97|187) -0.5351745730649216
(97|193) -0.2473060234589113
(97|196) -0.27410787734596004
(97|200) 0.7200979320383845
(98|15) -0.30302586680875326
(98|51) 0.396560595376552
(98|52) 0.30424633405764473
(98|53) 0.30992346694933526
(98|60) -0.28299314493875743
(98|84) 0.4190679363744033
(98|89) -0.3310545904089968
(98|90) -0.2852970998483217
(98|114) -0.2341445774009404
(98|122) -0.7460279383798147
(98|134) -0.6601133096732215
(98|135) -0.7112658321206028
(98|139) -0.7112658321206028
(98|146) -0.632084586072978
(98|147) -0.778212621751216
(98|149) 0.4648254269350785
(98|157) -0.8362045687289027
(98|158) -1.2755372625591654
(98|160) -0.3590833140092403
(98|169) 0.4158389662442049
(98|170) 0.5191830892576711
(98|173) -0.5351745730649216
(98|187) -0.30472565168664767
(98|192) -0.30322549654423936
(98|200) -0.2341445774009404
(99|50) 0.31869739125684043
(99|51) 0.6738527440857474
(99|53) 0.3891047129969601
(99|64) 0.5105829174957535
(99|66) 0.7435790278879074
(99|67) -0.4102358364566216
(99|73) 0.3504246817666865
(99|84) 0.4648254269350785
(99|85) 0.4425490322239262
(99|86) 0.3086554529626998
(99|111) 0.34563901921586976
(99|122) -0.4102358364566216
(99|145) 0.4648254269350784
(99|147) -0.4559933270172968
(99|159) -0.8362045687289027
(99|169) 0.5542258381643893
(99|181) 0.4330335925112272
(99|182) 0.3221579233663469
(99|187) -0.4771826260872348
(100|20) 0.402677520186234
(100|51) 0.40930809908524707
(100|53) 0.29733433964131467
(100|65) 0.34943200823300885
(100|89) -0.41023583645662154
(100|121) 0.3398866903267785
(100|123) -0.5351745730649216
(100|133) 0.5255232672886901
(100|136) -0.7112658321206028
(100|146) -0.9331145817369592
(100|157) -0.5351745730649216
(100|158) -0.24682891548018807
(100|169) 0.3186973912568404
(100|195) 0.4392713224626903
(100|198) 0.4648254269350785
(101|1) 0.5651959720526413
(101|13) -0.7112658321206028
(101|16) 0.3301268530376222
(101|17) 0.32840687264334845
(101|18) 0.5062181120933035
(101|19) 0.36791541392702204
(101|24) 0.31286784759611647
(101|37) 0.3620065543165017
(101|51) 0.6109534626133164
(101|53) 0.5062181120933035
(101|64) 0.5897641635433784
(101|65) 0.367915413927022
(101|66) 0.6689454095910032
(101|67) 0.36791541392702204
(101|73) 0.6197273869208215
(101|84) 0.30992346694933526
(101|85) 0.646669014879851
(101|86) 0.40637366574619777
(101|89) -0.2852970998483217
(101|110) 0.33219986166048754
(101|112) 0.34943200823300885
(101|122) -0.7112658321206028
(101|133) 0.3301268530376222
(101|180) 0.5440066729827032
(101|182) 0.41534006385516015
(101|193) 0.29219469998890363
(101|195) 0.9963043439773336
(101|197) 0.36791541392702204
(101|198) -0.2341445774009404
(102|17) 0.511821989611302
(102|18) 0.9119834582772977
(102|25) 0.30992346694933526
(102|37) 0.3350341875323664
(102|48) 0.4129937886622101
(102|52) 0.6689454095910032
(102|63) 0.5105829174957535
(102|64) 0.4190679363744033
(102|72) 0.2897921330357309
(102|85) 0.4190679363744033
(102|88) 0.4648254269350785
(102|108) 0.6689454095910032
(102|109) 0.3221579233663469
(102|112) 0.3240099282279403
(102|133) 0.9699754052549845
(102|145) 0.6109534626133164
(102|169) 0.9699754052549845
(102|181) 0.8450366686466845
(102|183) 0.4001000972984233
(102|194) 0.51404344960526
(103|0) 0.3891047129969601
(103|1) 0.49285415053532194
(103|14) 0.8450366686466845
(103|16) 0.5191830892576711
(103|17) 0.4190679363744033
(103|18) 0.9419466816547408
(103|24) 0.36791541392702204
(103|25) 0.8072481077572847
(103|37) 0.6901347086609413
(103|50) 0.6689454095910032
(103|51) 0.8450366686466845
(103|60) -0.4102358364566216
(103|62) 0.6311568487016034
(103|63) 0.402677520186234
(103|64) 0.7200979320383845
(103|72) 0.29128135689327717
(103|73) 1.1082781034212659
(103|84) 0.8072481077572847
(103|85) 0.5062181120933035
(103|86) 0.2941291997661034
(103|88) 0.4648254269350785
(103|103) 0.40821000878619496
(103|111) 0.8072481077572847
(103|112) 0.3398866903267785
(103|113) 0.4648254269350785
(103|120) 0.5674877688322261
(103|132) 0.5440066729827032
(103|133) 0.4648254269350785
(103|144) 0.517354478211263
(103|156) 0.517354478211263
(103|168) 0.33665772019657997
(103|180) -0.5351745730649216
(103|182) 0.5062181120933035
(103|183) 0.5617354399431348
(103|184) 0.4648254269350784
(103|192) 0.3398866903267785
(103|193) 0.4309671596741111
(103|194) 0.29733433964131467
(104|0) 0.7078634756213729
(104|16) 0.8072481077572847
(104|24) 0.817007945046441
(104|36) 0.65046200389699
(104|37) 1.1808287705698777
(104|48) 1.1808287705698777
(104|61) 0.9419466816547408
(104|63) 0.9119834582772977
(104|72) 0.6952743483133523
(104|84) 0.6109534626133164
(104|85) 0.8797987749058964
(104|86) 0.9699754052549845
(104|88) 0.4648254269350785
(104|104) 0.8539915112996109
(104|112) 0.39424435264937113
(104|120) 0.7765792879908328
(104|132) 0.7870447216689977
(104|144) 0.8450366686466845
(104|156) 0.8450366686466845
(104|168) 0.7319971553380923
(104|181) 0.3301268530376222
(104|182) 0.9963043439773336
(104|192) 0.4190679363744033
(104|194) 1.0211279277023657
(105|61) 0.36791541392702204
(105|73) 0.30992346694933526
(105|84) 0.36791541392702204
(105|110) -0.5351745730649216
(105|111) 0.6109534626133164
(105|112) 0.30992346694933526
(105|145) 0.36791541392702204
(105|182) 0.36791541392702204
(106|0) 0.9419466816547408
(106|15) 0.5440066729827032
(106|36) 0.7658554225990597
(106|48) 0.7658554225990597
(106|62) 0.36791541392702204
(106|72) 1.066885418263041
(106|106) 1.1275832586166525
(106|120) 1.1082781034212659
(106|132) 1.0446090235518886
(106|144) 1.1082781034212659
(106|156) 1.1275832586166525
(106|168) 1.0211279277023657
(106|181) 0.4648254269350785
(106|194) 0.6689454095910032
(108|13) -1.1372345643928838
(108|15) -0.2852970998483216
(108|51) 0.45223629962705786
(108|60) -0.37072729517294806
(108|61) -0.3106614317671535
(108|66) 0.34563901921586976
(108|84) 0.5440066729827032
(108|85) 0.8072481077572847
(108|89) -0.3427403487341915
(108|90) -0.26047351612328945
(108|102) 0.6689454095910032
(108|121) -0.25896816112597254
(108|122) -0.6320845860729779
(108|134) -0.6143558191125463
(108|135) -0.632084586072978
(108|146) -1.012295827784584
(108|147) -0.6601133096732215
(108|157) -0.8362045687289027
(108|158) -0.8709666749881148
(108|160) -0.4102358364566216
(108|170) 0.4190679363744033
(108|187) -0.4102358364566217
(108|192) 0.39424435264937113
(108|196) -0.24448541073915922
(108|200) 0.4648254269350785
(109|13) -0.2341445774009404
(109|15) -0.33721489911381525
(109|51) 0.34563901921586976
(109|60) -0.32756626256317545
(109|85) 0.473425598696996
(109|89) -0.3590833140092403
(109|90) -0.4497443777402952
(109|96) -0.4342740773240604
(109|102) 0.3221579233663469
(109|122) -1.0792426174151972
(109|125) -0.3590833140092403
(109|134) -1.0792426174151972
(109|135) -1.012295827784584
(109|136) -1.012295827784584
(109|138) -0.8362045687289027
(109|146) -1.0792426174151972
(109|147) -0.9331145817369592
(109|149) -0.8362045687289027
(109|151) -0.7112658321206028
(109|157) -0.7112658321206028
(109|158) -1.1883870868402653
(109|159) -0.5351745730649216
(109|160) -0.5351745730649217
(109|172) -0.5351745730649216
(109|180) -0.2341445774009404
(109|185) -0.3179215751377143
(109|187) -0.4894170825042464
(110|15) -0.31098460763366265
(110|53) 0.3541271294413888
(110|60) -0.3050004346644341
(110|64) 0.39424435264937113
(110|65) 0.40930809908524707
(110|84) 0.8450366686466845
(110|89) -0.2479328618865736
(110|101) 0.33219986166048754
(110|105) -0.5351745730649216
(110|122) -1.2755372625591654
(110|123) -0.632084586072978
(110|125) -0.7112658321206028
(110|133) 0.4259073609047088
(110|134) -1.012295827784584
(110|135) -0.6021213626955347
(110|138) -0.5351745730649216
(110|139) -1.1372345643928838
(110|146) -0.887357091176284
(110|147) -0.3310545904089968
(110|149) -0.2341445774009404
(110|151) -0.5351745730649216
(110|158) -1.0792426174151972
(110|159) -0.2341445774009404
(110|160) -0.7112658321206028
(110|161) -0.632084586072978
(110|162) -0.7112658321206028
(110|169) 0.3761879398930119
(110|172) -0.5351745730649216
(110|173) -0.8362045687289027
(110|200) 0.30992346694933526
(111|18) 0.31355775160442934
(111|19) 0.3029746069940074
(111|51) 0.6882505647863898
(111|52) 0.40930809908524707
(111|53) 0.39787863730446527
(111|63) 0.2926644615078296
(111|64) 0.3221579233663469
(111|65) 0.4648254269350785
(111|66) 0.5674877688322261
(111|67) 0.36791541392702204
(111|84) 0.6866741765514348
(111|85) 0.48739125483381984
(111|86) 0.3452514292910782
(111|90) 0.36791541392702204
(111|96) -0.3590833140092403
(111|99) 0.34563901921586976
(111|103) 0.8072481077572847
(111|105) 0.6109534626133164
(111|121) 0.6109534626133164
(111|122) -1.012295827784584
(111|135) -1.012295827784584
(111|146) -0.5351745730649216
(111|147) -0.5351745730649216
(111|148) -0.7112658321206028
(111|158) -1.012295827784584
(111|169) 0.38722056912240865
(111|170) 0.7200979320383845
(111|180) 0.34563901921586976
(111|181) 0.3629519943954719
(111|182) 0.34443431807749914
(111|185) 0.31552734446733377
(111|196) 0.5720353965829468
(112|1) 0.49824918242202815
(112|17) 0.3398866903267785
(112|18) 0.49013129219984863
(112|20) 0.6689454095910032
(112|24) 0.2973343396413148
(112|37) 0.48668133316874473
(112|50) 0.38315538048375886
(112|51) 1.4093080990852471
(112|52) 0.7200979320383845
(112|62) 0.3020981294373786
(112|63) 0.41046776461248585
(112|64) 0.4286132542806337
(112|65) 0.36791541392702204
(112|66) 0.6109534626133164
(112|73) 0.4348622035576352
(112|85) 0.4585764776580769
(112|101) 0.34943200823300885
(112|102) 0.3240099282279403
(112|103) 0.3398866903267785
(112|104) 0.39424435264937113
(112|105) 0.30992346694933526
(112|122) -0.9331145817369592
(112|133) 0.5440066729827032
(112|137) -0.5351745730649216
(112|145) -0.2341445774009404
(112|159) -0.8362045687289027
(112|160) -0.5351745730649216
(112|169) 0.862765435607116
(112|170) 0.4648254269350785
(112|184) 0.42439676987947017
(112|193) 0.33012685303762224
(112|194) 0.3201426321310213
(112|196) 0.402677520186234
(113|16) 0.7658554225990597
(113|18) -0.3133258234485652
(113|25) 0.5440066729827032
(113|51) 0.5440066729827032
(113|65) -0.4102358364566216
(113|84) 0.36791541392702204
(113|96) -0.2341445774009404
(113|103) 0.4648254269350785
(113|196) -0.7112658321206028
(113|197) -0.5351745730649216
(114|15) -0.5351745730649216
(114|37) 0.5440066729827032
(114|65) -0.5351745730649216
(114|87) -0.5351745730649216
(114|89) -0.7112658321206028
(114|97) -0.7112658321206028
(114|98) -0.2341445774009404
(114|183) -0.4102358364566216
(114|185) -0.5351745730649216
(114|193) 0.5440066729827032
(115|15) -0.5351745730649216
(115|36) -0.4102358364566216
(115|37) 0.6689454095910032
(115|63) 0.4648254269350785
(120|13) -0.29213652437862714
(120|51) 0.47625488871586025
(120|52) 0.3398866903267785
(120|53) 0.3227923931386562
(120|84) 0.4544845935968596
(120|85) 0.44832175100395305
(120|89) -0.273931735843747
(120|96) -0.24664312289991353
(120|103) 0.5674877688322261
(120|104) 0.7765792879908328
(120|106) 1.1082781034212659
(120|133) 0.36791541392702204
(120|145) 0.30992346694933526
(120|148) -0.5351745730649216
(120|159) -0.5351745730649216
(120|169) 0.36402037004349785
(120|171) 0.6689454095910031
(120|173) -0.30109136703155354
(120|187) -0.2671448375038657
(121|14) -0.3310545904089968
(121|15) -0.37244727556722185
(121|16) 0.6409166859907597
(121|51) 0.9419466816547408
(121|64) 0.8072481077572847
(121|85) 0.7200979320383845
(121|86) 0.3186973912568404
(121|89) -0.9331145817369592
(121|96) -0.3590833140092403
(121|97) -0.4682277834343084
(121|100) 0.3398866903267785
(121|108) -0.25896816112597254
(121|111) 0.6109534626133164
(121|134) -0.4102358364566216
(121|195) -0.2341445774009404
(121|197) -0.7112658321206028
(122|0) -0.6990313757035912
(122|1) -1.1372345643928838
(122|14) -1.012295827784584
(122|15) -0.632084586072978
(122|16) -0.4102358364566216
(122|17) -0.7984160078395031
(122|18) -0.8709666749881148
(122|19) -1.0792426174151972
(122|24) -0.7347469279701258
(122|25) -1.047057934043796
(122|36) -0.5765672582231466
(122|37) -1.094482583971934
(122|48) -0.9331145817369592
(122|49) -0.778212621751216
(122|60) -1.1883870868402653
(122|61) -0.910838187025807
(122|62) -1.2755372625591654
(122|63) -0.4559933270172968
(122|64) -0.5351745730649216
(122|65) -0.2341445774009404
(122|72) -0.778212621751216
(122|73) -0.887357091176284
(122|86) -0.3590833140092403
(122|87) -1.1092058407926404
(122|88) -0.8362045687289027
(122|89) -1.2341445774009403
(122|96) -0.7112658321206028
(122|97) -0.9543038808068972
(122|98) -0.7460279383798147
(122|99) -0.4102358364566216
(122|101) -0.7112658321206028
(122|108) -0.6320845860729779
(122|109) -1.0792426174151972
(122|110) -1.2755372625591654
(122|111) -1.012295827784584
(122|112) -0.9331145817369592
(122|122) -0.7955867178206387
(122|134) -0.8775972538871277
(122|135) -0.8362045687289027
(122|145) -0.8709666749881148
(122|146) -1.4894170825042465
(122|147) -0.632084586072978
(122|148) -0.9331145817369592
(122|157) -1.2755372625591654
(122|158) -1.094482583971934
(122|159) -0.5351745730649216
(122|168) -0.827061189289033
(122|169) -0.4102358364566216
(122|182) -0.7112658321206029
(122|183) -0.903151358359516
(122|184) -0.778212621751216
(122|185) -1.1883870868402653
(122|192) -0.23767741736805306
(122|193) -0.7112658321206029
(122|194) -0.757023322681278
(122|195) -0.9331145817369592
(122|196) -0.7112658321206028
(122|197) -0.5351745730649216
(122|198) -0.7112658321206028
(123|0) -0.7984160078395031
(123|17) -0.5351745730649216
(123|18) -0.8362045687289027
(123|24) -1.0792426174151972
(123|36) -1.1883870868402653
(123|37) -0.7112658321206028
(123|48) -0.757023322681278
(123|61) -0.7112658321206028
(123|62) -0.8362045687289027
(123|63) -0.7112658321206028
(123|72) -1.012295827784584
(123|73) -0.7112658321206028
(123|88) -1.0792426174151972
(123|100) -0.5351745730649216
(123|110) -0.632084586072978
(123|123) -0.9331145817369592
(123|137) -0.5351745730649216
(123|145) -0.8362045687289027
(123|147) -0.5351745730649216
(123|149) -0.5351745730649216
(123|158) -1.012295827784584
(123|159) -0.9331145817369592
(123|168) -0.9331145817369592
(123|182) -0.9331145817369592
(123|184) -0.7112658321206028
(123|193) -0.5351745730649216
(124|0) -1.0792426174151972
(124|24) -1.0792426174151972
(124|36) -1.0792426174151972
(124|60) -0.7112658321206028
(124|73) -0.8362045687289027
(124|86) -0.5351745730649216
(124|124) -1.2341445774009403
(124|137) -0.7112658321206028
(124|148) -0.5351745730649216
(124|158) -0.5351745730649216
(124|168) -0.23767741736805306
(125|0) -0.4102358364566217
(125|1) -0.8362045687289027
(125|15) -0.5351745730649216
(125|17) -1.012295827784584
(125|24) -0.5699366793241335
(125|36) -1.012295827784584
(125|37) -0.30109136703155354
(125|48) -0.5863270955123029
(125|49) -0.5351745730649216
(125|60) -0.8362045687289027
(125|72) -0.5765672582231466
(125|86) -0.9331145817369592
(125|87) 0.36791541392702204
(125|88) -0.5351745730649216
(125|97) -0.7112658321206028
(125|109) -0.3590833140092403
(125|110) -0.7112658321206028
(125|125) -0.5029898896935203
(125|137) -0.5351745730649216
(125|138) -0.2341445774009404
(125|149) 0.36791541392702204
(125|159) -0.5351745730649216
(125|168) -0.4682277834343084
(125|182) -0.7112658321206028
(125|183) -0.7112658321206028
(125|184) -0.3590833140092403
(125|193) -0.8362045687289027
(125|194) -0.7112658321206028
(125|196) -0.8362045687289027
(126|0) -1.012295827784584
(126|24) -1.0792426174151972
(126|37) -1.0792426174151972
(126|48) -0.8362045687289027
(126|72) -1.0792426174151972
(126|126) -1.1372345643928838
(126|139) -0.8362045687289027
(126|160) -0.7112658321206028
(126|168) -1.0792426174151972
(127|0) -0.632084586072978
(127|24) -0.8362045687289027
(127|37) -0.8362045687289027
(127|49) -0.7112658321206028
(127|61) -0.5351745730649216
(127|72) -0.632084586072978
(127|127) -0.632084586072978
(127|139) -0.9331145817369592
(127|147) -0.7112658321206028
(127|168) -0.632084586072978
(127|183) -0.5351745730649216
(127|193) -0.7112658321206028
(132|13) -0.3243212077500283
(132|51) 0.45675066212695586
(132|52) 0.3398866903267785
(132|53) 0.33665772019657997
(132|84) 0.4330335925112272
(132|85) 0.43539671991052803
(132|89) -0.27942455886248935
(132|96) -0.2527600477095954
(132|103) 0.5440066729827032
(132|104) 0.7870447216689977
(132|106) 1.0446090235518886
(132|145) 0.29061831175394864
(132|148) -0.5351745730649216
(132|159) -0.5351745730649216
(132|169) 0.3698850067899264
(132|170) 0.3009686242964088
(132|171) 0.65046200389699
(132|173) -0.3133258234485652
(132|187) -0.3133258234485652
(133|1) 0.3556809575100104
(133|15) -0.30669524454955216
(133|16) 0.7435790278879074
(133|17) 0.4121190764190755
(133|18) 0.35212114674379014
(133|20) 0.4648254269350785
(133|36) 0.3856441808874536
(133|49) 0.39424435264937113
(133|50) 0.6409166859907597
(133|51) 1.1460666643106656
(133|60) 0.5062181120933035
(133|64) 0.5787687792419153
(133|65) 0.4190679363744033
(133|66) -0.2341445774009404
(133|73) 0.6109534626133164
(133|85) 0.7870447216689977
(133|86) 0.38722056912240865
(133|87) 0.3009686242964088
(133|100) 0.5255232672886901
(133|101) 0.3301268530376222
(133|102) 0.9699754052549845
(133|103) 0.4648254269350785
(133|110) 0.4259073609047088
(133|112) 0.5440066729827032
(133|120) 0.36791541392702204
(133|158) -0.5351745730649216
(133|169) 0.7200979320383845
(133|170) 0.36791541392702204
(133|181) 0.34563901921586976
(133|182) 0.5674877688322261
(133|183) 0.4818587662338588
(133|194) 0.30424633405764473
(133|196) 0.6689454095910032
(133|197) -0.4102358364566216
(134|0) -0.5128981783537694
(134|1) -0.6021213626955347
(134|15) -0.8362045687289027
(134|17) -0.9331145817369592
(134|18) -0.5351745730649216
(134|19) -0.5351745730649216
(134|20) -0.5351745730649216
(134|24) -0.5765672582231466
(134|25) -0.3590833140092403
(134|36) -0.43043922254490863
(134|37) -0.6320845860729779
(134|48) -0.757023322681278
(134|49) -0.5351745730649216
(134|61) -0.6021213626955347
(134|62) -0.7112658321206028
(134|63) -0.2341445774009404
(134|64) -0.2341445774009404
(134|72) -0.4819290611116965
(134|88) -0.7112658321206028
(134|96) -0.7112658321206028
(134|97) -1.3802726130791783
(134|98) -0.6601133096732215
(134|108) -0.6143558191125463
(134|109) -1.0792426174151972
(134|110) -1.012295827784584
(134|121) -0.4102358364566216
(134|122) -0.8775972538871277
(134|134) -0.5351745730649216
(134|145) -0.9331145817369592
(134|147) -0.7112658321206028
(134|157) -1.1372345643928838
(134|158) -0.9331145817369592
(134|168) -0.6320845860729779
(134|183) -0.2341445774009404
(134|184) -0.8362045687289027
(134|185) -0.778212621751216
(134|194) -0.3590833140092403
(134|195) -1.1372345643928838
(134|196) -0.5351745730649216
(134|197) -0.8362045687289027
(134|198) -0.4102358364566216
(135|0) -0.6194954587649575
(135|1) -1.1883870868402653
(135|16) -0.5351745730649216
(135|17) -1.012295827784584
(135|18) -0.9331145817369592
(135|19) -0.5351745730649216
(135|20) -0.7112658321206028
(135|24) -0.6098081913618257
(135|36) -0.8709666749881148
(135|37) -0.6491179253717583
(135|48) -0.8573938677988409
(135|61) -0.8709666749881148
(135|62) -0.7112658321206028
(135|72) -0.6900765330506647
(135|73) -1.012295827784584
(135|87) -0.9745072668951842
(135|88) -1.2755372625591654
(135|89) -0.8362045687289027
(135|97) -0.9331145817369592
(135|98) -0.7112658321206028
(135|108) -0.632084586072978
(135|109) -1.012295827784584
(135|110) -0.6021213626955347
(135|111) -1.012295827784584
(135|122) -0.8362045687289027
(135|135) -0.7460279383798147
(135|146) -1.1883870868402653
(135|147) -0.5351745730649216
(135|148) -0.5351745730649216
(135|158) -1.4102358364566216
(135|159) -0.5351745730649216
(135|161) -0.5351745730649216
(135|168) -0.7460279383798147
(135|182) -0.632084586072978
(135|183) -0.9745072668951842
(135|184) -0.3590833140092403
(135|185) -0.5351745730649216
(135|193) -0.4102358364566216
(135|194) -0.7112658321206029
(135|195) -0.5351745730649216
(136|0) -0.26961758594155544
(136|1) -0.9331145817369592
(136|16) -0.8362045687289027
(136|24) -0.2760545226158357
(136|25) -0.8362045687289027
(136|36) -1.2755372625591654
(136|48) -0.2760545226158357
(136|62) -0.5351745730649216
(136|72) -1.3802726130791783
(136|87) -0.9331145817369592
(136|100) -0.7112658321206028
(136|109) -1.012295827784584
(136|136) -1.4894170825042465
(136|147) -0.5351745730649216
(136|158) -0.23767741736805306
(136|160) -0.7112658321206028
(136|168) -1.3802726130791783
(136|185) -0.5351745730649216
(136|194) -0.7112658321206028
(137|0) -0.5351745730649216
(137|1) -0.5351745730649216
(137|16) -0.5351745730649216
(137|17) -0.4102358364566216
(137|19) -0.5351745730649216
(137|24) -0.5863270955123029
(137|36) -0.5351745730649217
(137|37) -0.5351745730649216
(137|48) -0.4771826260872348
(137|60) -0.2341445774009404
(137|63) -0.5351745730649216
(137|72) -0.887357091176284
(137|87) -0.4102358364566216
(137|88) -0.7112658321206028
(137|112) -0.5351745730649216
(137|123) -0.5351745730649216
(137|124) -0.7112658321206028
(137|125) -0.5351745730649216
(137|137) -0.5351745730649216
(137|158) -0.8362045687289027
(137|159) -0.5351745730649216
(137|168) -0.5863270955123029
(137|192) -0.5351745730649216
(138|0) -0.5351745730649217
(138|24) -0.6021213626955347
(138|37) -0.4559933270172968
(138|48) -0.8362045687289027
(138|72) -0.5351745730649217
(138|109) -0.8362045687289027
(138|110) -0.5351745730649216
(138|125) -0.2341445774009404
(138|138) -0.6601133096732215
(138|149) -0.7112658321206028
(138|168) -0.6021213626955347
(138|184) -0.8362045687289027
(139|0) -0.887357091176284
(139|19) -0.9331145817369592
(139|20) -0.5351745730649216
(139|24) -1.3480879297077772
(139|25) -0.5351745730649216
(139|36) -0.5351745730649216
(139|37) -1.3480879297077772
(139|48) -0.9331145817369592
(139|49) -1.0792426174151972
(139|61) -0.7112658321206028
(139|65) -0.5351745730649216
(139|72) -1.012295827784584
(139|86) -1.012295827784584
(139|97) -0.8362045687289027
(139|98) -0.7112658321206028
(139|110) -1.1372345643928838
(139|126) -0.8362045687289027
(139|127) -0.9331145817369592
(139|139) -1.1092058407926404
(139|147) -0.9331145817369592
(139|160) -0.8362045687289027
(139|168) -1.1092058407926404
(139|182) -0.8362045687289027
(139|183) -0.8362045687289027
(139|194) -0.7112658321206028
(139|196) -0.5351745730649216
(144|13) -0.2621733010011839
(144|51) 0.47162913499002324
(144|52) 0.3606161751855226
(144|53) 0.33237708854803294
(144|84) 0.44389152009943544
(144|85) 0.4513694440859584
(144|89) -0.30421839702679654
(144|96) -0.2559417064957847
(144|103) 0.517354478211263
(144|104) 0.8450366686466845
(144|106) 1.1082781034212659
(144|169) 0.36597225864101995
(144|170) 0.2973343396413148
(144|171) 0.862765435607116
(144|187) -0.3284144942427884
(145|14) -0.3590833140092403
(145|15) -0.4382645600568651
(145|16) 0.7200979320383845
(145|19) -0.4382645600568651
(145|50) 0.4348622035576352
(145|60) -0.4559933270172968
(145|65) 0.49285415053532194
(145|66) 0.4190679363744033
(145|73) 0.39424435264937113
(145|85) 0.6689454095910032
(145|90) -0.4102358364566216
(145|97) -0.2341445774009404
(145|99) 0.4648254269350784
(145|102) 0.6109534626133164
(145|105) 0.36791541392702204
(145|112) -0.2341445774009404
(145|120) 0.30992346694933526
(145|122) -0.8709666749881148
(145|123) -0.8362045687289027
(145|132) 0.29061831175394864
(145|134) -0.9331145817369592
(145|156) 0.33191776065550305
(145|157) -0.7112658321206028
(145|158) -1.012295827784584
(145|169) 0.6689454095910032
(145|181) 0.5787687792419153
(145|185) -0.2799020679616155
(145|193) -0.2341445774009404
(145|198) 0.36791541392702204
(146|0) -0.7656234944431954
(146|1) -1.1372345643928838
(146|14) -0.5351745730649216
(146|16) -0.6021213626955347
(146|17) -0.8362045687289027
(146|24) -0.7112658321206029
(146|36) -0.9745072668951842
(146|37) -0.778212621751216
(146|48) -0.7347469279701258
(146|61) -1.2341445774009403
(146|62) -1.012295827784584
(146|72) -0.778212621751216
(146|88) -1.1372345643928838
(146|89) -1.1883870868402653
(146|97) -0.2551074525118331
(146|98) -0.632084586072978
(146|100) -0.9331145817369592
(146|108) -1.012295827784584
(146|109) -1.0792426174151972
(146|110) -0.887357091176284
(146|111) -0.5351745730649216
(146|122) -1.4894170825042465
(146|135) -1.1883870868402653
(146|146) -0.8539333356893344
(146|156) 0.4648254269350785
(146|158) -0.26961758594155544
(146|168) -0.9153858147765276
(146|184) -0.7112658321206029
(146|185) -1.012295827784584
(146|186) -0.5351745730649216
(146|194) -0.38027261307917837
(146|197) -0.5351745730649216
(147|0) -0.4840220506175403
(147|1) -0.9331145817369592
(147|14) -0.5351745730649216
(147|15) -0.7112658321206028
(147|17) -0.9331145817369592
(147|18) -0.4102358364566216
(147|20) -0.5351745730649216
(147|24) -0.5615035117872706
(147|25) -0.5351745730649216
(147|36) -0.30109136703155354
(147|37) -0.778212621751216
(147|48) -0.778212621751216
(147|49) -0.7112658321206028
(147|60) -0.5351745730649216
(147|61) -0.7112658321206029
(147|62) -0.9331145817369592
(147|63) -0.5351745730649216
(147|72) -0.6098081913618257
(147|86) -0.4102358364566216
(147|88) -1.012295827784584
(147|97) -0.7112658321206028
(147|98) -0.778212621751216
(147|99) -0.4559933270172968
(147|108) -0.6601133096732215
(147|109) -0.9331145817369592
(147|110) -0.3310545904089968
(147|111) -0.5351745730649216
(147|122) -0.632084586072978
(147|123) -0.5351745730649216
(147|127) -0.7112658321206028
(147|134) -0.7112658321206028
(147|135) -0.5351745730649216
(147|136) -0.5351745730649216
(147|139) -0.9331145817369592
(147|147) -0.5563638721348597
(147|158) -1.3802726130791783
(147|168) -0.6021213626955347
(147|182) -0.7112658321206028
(147|183) -0.3133258234485652
(147|184) -0.9331145817369592
(147|186) -0.5351745730649216
(147|194) -0.3310545904089968
(147|195) -0.5351745730649216
(147|196) -0.7112658321206028
(148|0) -0.8362045687289028
(148|18) -0.632084586072978
(148|24) -0.9611433053372027
(148|36) -0.9331145817369592
(148|37) -1.1372345643928838
(148|48) -0.9745072668951842
(148|60) -0.5351745730649216
(148|65) -0.5351745730649216
(148|72) -1.3133258234485652
(148|73) -0.7112658321206028
(148|86) -0.9331145817369592
(148|87) -0.9331145817369592
(148|88) -0.8362045687289027
(148|97) -1.0792426174151972
(148|111) -0.7112658321206028
(148|120) -0.5351745730649216
(148|122) -0.9331145817369592
(148|124) -0.5351745730649216
(148|132) -0.5351745730649216
(148|135) -0.5351745730649216
(148|148) -1.0122958277845842
(148|156) -0.5351745730649216
(148|158) -0.887357091176284
(148|168) -1.163563503115233
(148|184) -0.8362045687289027
(148|195) -0.5351745730649216
(148|197) -0.5351745730649216
(149|0) -0.2341445774009404
(149|1) -0.5351745730649216
(149|17) -0.4102358364566216
(149|24) -0.30109136703155354
(149|36) -0.632084586072978
(149|49) -0.5351745730649216
(149|60) -0.5351745730649216
(149|72) -0.2341445774009404
(149|73) -0.5351745730649216
(149|87) -0.4102358364566216
(149|88) -0.2341445774009404
(149|98) 0.4648254269350785
(149|109) -0.8362045687289027
(149|110) -0.2341445774009404
(149|123) -0.5351745730649216
(149|125) 0.36791541392702204
(149|138) -0.7112658321206028
(149|149) -0.29213652437862714
(149|158) -0.7112658321206028
(149|183) -0.4102358364566216
(150|0) -0.5351745730649216
(150|24) -0.4102358364566216
(150|36) -0.8362045687289027
(150|48) -0.5351745730649216
(150|72) -0.4102358364566216
(150|150) -0.5351745730649216
(150|168) -0.5351745730649216
(151|0) -0.632084586072978
(151|17) -0.9331145817369592
(151|24) -1.012295827784584
(151|36) -0.9331145817369592
(151|37) -0.5351745730649216
(151|48) -0.5351745730649216
(151|72) -0.9331145817369592
(151|73) -0.5351745730649216
(151|109) -0.7112658321206028
(151|110) -0.5351745730649216
(151|151) -0.778212621751216
(151|160) -0.8362045687289027
(151|168) -0.632084586072978
(151|184) -0.8362045687289027
(156|51) 0.4849249023919561
(156|52) 0.3398866903267785
(156|53) 0.31961073435246695
(156|84) 0.44922035360450246
(156|85) 0.45752618819357904
(156|89) -0.2865326468606285
(156|96) -0.25249777938182016
(156|103) 0.517354478211263
(156|104) 0.8450366686466845
(156|106) 1.1275832586166525
(156|145) 0.33191776065550305
(156|146) 0.4648254269350785
(156|148) -0.5351745730649216
(156|169) 0.3872205691224086
(156|170) 0.3057675071781776
(156|171) 0.7037075158502152
(156|173) -0.30109136703155354
(156|187) -0.2776102711820307
(157|0) -0.7460279383798147
(157|1) -0.4102358364566216
(157|15) -0.5351745730649216
(157|16) -0.7112658321206028
(157|17) -0.7112658321206028
(157|18) -0.4559933270172968
(157|24) -0.6491179253717583
(157|25) -0.7112658321206028
(157|36) -0.4559933270172968
(157|37) -0.7984160078395031
(157|48) -0.8362045687289028
(157|61) -0.5351745730649216
(157|72) -0.903151358359516
(157|86) -0.5351745730649216
(157|88) -0.7112658321206028
(157|97) -1.0792426174151972
(157|98) -0.8362045687289027
(157|100) -0.5351745730649216
(157|108) -0.8362045687289027
(157|109) -0.7112658321206028
(157|122) -1.2755372625591654
(157|134) -1.1372345643928838
(157|145) -0.7112658321206028
(157|157) -0.6601133096732215
(157|168) -0.7112658321206028
(157|183) -0.7112658321206028
(157|184) -0.7112658321206028
(157|193) -0.2341445774009404
(157|194) -0.7112658321206028
(157|195) -0.9331145817369592
(158|0) -0.887357091176284
(158|1) -0.29291869975584284
(158|16) -0.632084586072978
(158|17) -0.887357091176284
(158|18) -0.8362045687289027
(158|24) -1.042259051162027
(158|25) -1.1372345643928838
(158|36) -0.6532738851429161
(158|37) -0.3478589111441693
(158|48) -1.3904917782608646
(158|49) -0.632084586072978
(158|60) -0.8362045687289027
(158|61) -1.0792426174151972
(158|62) -0.26266516468971307
(158|63) -0.9331145817369592
(158|65) -0.632084586072978
(158|72) -1.1092058407926404
(158|73) -0.8362045687289027
(158|86) -0.632084586072978
(158|87) -1.2118681826897881
(158|88) -0.887357091176284
(158|89) -0.23767741736805306
(158|96) -0.4102358364566216
(158|97) -1.1883870868402653
(158|98) -1.2755372625591654
(158|100) -0.24682891548018807
(158|108) -0.8709666749881148
(158|109) -1.1883870868402653
(158|110) -1.0792426174151972
(158|111) -1.012295827784584
(158|122) -1.094482583971934
(158|123) -1.012295827784584
(158|124) -0.5351745730649216
(158|133) -0.5351745730649216
(158|134) -0.9331145817369592
(158|135) -1.4102358364566216
(158|136) -0.23767741736805306
(158|137) -0.8362045687289027
(158|145) -1.012295827784584
(158|146) -0.26961758594155544
(158|147) -1.3802726130791783
(158|148) -0.887357091176284
(158|149) -0.7112658321206028
(158|158) -1.055330460009786
(158|168) -1.0966167134846199
(158|181) -0.5351745730649216
(158|183) -1.163563503115233
(158|184) -1.1372345643928838
(158|185) -0.7112658321206028
(158|193) -0.26266516468971307
(158|194) -1.2341445774009403
(158|195) -0.6021213626955347
(158|196) -0.2551074525118331
(158|197) -0.5351745730649216
(158|198) -0.5351745730649216
(159|0) -0.4973860121755218
(159|16) -0.7112658321206028
(159|17) -0.9331145817369592
(159|19) -0.5351745730649216
(159|24) -0.5765672582231466
(159|25) -0.7112658321206028
(159|36) -0.6021213626955347
(159|37) -0.6021213626955347
(159|48) -0.5351745730649217
(159|49) -0.9331145817369592
(159|60) -0.7112658321206028
(159|63) -0.3590833140092403
(159|72) -0.5351745730649216
(159|73) -0.8362045687289027
(159|86) -0.3590833140092403
(159|87) -0.8362045687289027
(159|88) -0.4102358364566216
(159|97) -0.4102358364566216
(159|99) -0.8362045687289027
(159|109) -0.5351745730649216
(159|110) -0.2341445774009404
(159|112) -0.8362045687289027
(159|120) -0.5351745730649216
(159|122) -0.5351745730649216
(159|123) -0.9331145817369592
(159|125) -0.5351745730649216
(159|132) -0.5351745730649216
(159|135) -0.5351745730649216
(159|137) -0.5351745730649216
(159|159) -0.6021213626955347
(159|168) -0.6491179253717583
(159|182) -0.7112658321206028
(159|183) -0.4102358364566216
(159|184) -0.7112658321206028
(159|192) -0.7112658321206028
(159|194) -0.4102358364566216
(160|0) -0.3310545904089968
(160|1) -0.7112658321206028
(160|17) -0.8362045687289027
(160|24) -0.44499794271583354
(160|25) -0.4102358364566216
(160|36) -0.5863270955123029
(160|37) -0.30109136703155354
(160|48) -0.30109136703155354
(160|51) -0.7112658321206028
(160|61) -0.3590833140092403
(160|62) -0.4102358364566216
(160|63) -0.5351745730649216
(160|72) -0.44499794271583354
(160|73) -0.4102358364566216
(160|85) -0.4102358364566216
(160|88) -0.6021213626955347
(160|97) -0.4559933270172968
(160|98) -0.3590833140092403
(160|108) -0.4102358364566216
(160|109) -0.5351745730649217
(160|110) -0.7112658321206028
(160|112) -0.5351745730649216
(160|126) -0.7112658321206028
(160|136) -0.7112658321206028
(160|139) -0.8362045687289027
(160|151) -0.8362045687289027
(160|160) -0.4382645600568651
(160|168) -0.4559933270172967
(160|181) -0.5351745730649216
(160|183) -0.778212621751216
(160|185) -0.7112658321206028
(160|193) -0.5351745730649216
(160|194) -0.3590833140092403
(161|0) -0.5351745730649216
(161|24) -0.3590833140092403
(161|48) -0.5351745730649216
(161|61) -0.5351745730649216
(161|72) -0.2341445774009404
(161|87) -0.5351745730649216
(161|110) -0.632084586072978
(161|135) -0.5351745730649216
(161|161) -0.4559933270172968
(161|168) -0.2341445774009404
(161|182) -0.5351745730649216
(161|194) -0.5351745730649216
(162|49) -0.5351745730649216
(162|72) -0.2341445774009404
(162|110) -0.7112658321206028
(162|162) -0.2341445774009404
(168|13) -0.33105459040899676
(168|15) -0.23979707995195207
(168|51) 0.41637879786362203
(168|60) -0.24510033448563232
(168|84) 0.39424435264937113
(168|85) 0.38364610876411054
(168|89) -0.33913308705485073
(168|90) -0.30583780205601524
(168|96) -0.2470135035902613
(168|103) 0.33665772019657997
(168|104) 0.7319971553380923
(168|106) 1.0211279277023657
(168|122) -0.827061189289033
(168|123) -0.9331145817369592
(168|124) -0.23767741736805306
(168|125) -0.4682277834343084
(168|126) -1.0792426174151972
(168|127) -0.632084586072978
(168|134) -0.6320845860729779
(168|135) -0.7460279383798147
(168|136) -1.3802726130791783
(168|137) -0.5863270955123029
(168|138) -0.6021213626955347
(168|139) -1.1092058407926404
(168|146) -0.9153858147765276
(168|147) -0.6021213626955347
(168|148) -1.163563503115233
(168|150) -0.5351745730649216
(168|151) -0.632084586072978
(168|157) -0.7112658321206028
(168|158) -1.0966167134846199
(168|159) -0.6491179253717583
(168|160) -0.4559933270172967
(168|161) -0.2341445774009404
(168|187) -0.36603217396456816
(169|0) 0.3194687848555657
(169|1) 0.4190679363744033
(169|14) 0.367915413927022
(169|16) 0.4560515026275733
(169|18) 0.4190679363744033
(169|19) 0.65046200389699
(169|20) 0.30992346694933526
(169|24) 0.3426095486622517
(169|25) 0.3812793754850035
(169|37) 0.39742601143556044
(169|50) 0.4790658660496887
(169|51) 0.6611200720790467
(169|52) 0.8450366686466845
(169|53) 0.5897641635433784
(169|63) 0.42227307624961474
(169|65) 0.5853993581409282
(169|66) 0.5674877688322261
(169|67) 0.8450366686466845
(169|72) 0.31466990197379696
(169|73) 0.5018089931882483
(169|84) 0.8450366686466845
(169|85) 0.9272234248340345
(169|86) 0.7131490720830567
(169|87) 0.3301268530376222
(169|90) 0.30992346694933526
(169|96) -0.4894170825042464
(169|98) 0.4158389662442049
(169|99) 0.5542258381643893
(169|100) 0.3186973912568404
(169|102) 0.9699754052549845
(169|110) 0.3761879398930119
(169|111) 0.38722056912240865
(169|112) 0.862765435607116
(169|120) 0.36402037004349785
(169|122) -0.4102358364566216
(169|132) 0.3698850067899264
(169|133) 0.7200979320383845
(169|144) 0.36597225864101995
(169|145) 0.6689454095910032
(169|156) 0.3872205691224086
(169|169) 0.3478815086143116
(169|181) 0.646669014879851
(169|183) 0.367915413927022
(169|184) 0.34943200823300885
(169|192) 0.34563901921586976
(169|194) 0.39139650977654483
(169|196) 0.4190679363744033
(169|197) 0.7435790278879074
(169|199) 0.30992346694933526
(170|0) 0.30424633405764473
(170|15) -0.3590833140092403
(170|18) 0.6109534626133164
(170|24) 0.29182524485653905
(170|36) 0.3891047129969601
(170|49) -0.4559933270172968
(170|50) 0.7200979320383845
(170|61) 0.30992346694933526
(170|63) 0.3301268530376222
(170|64) 0.5062181120933035
(170|65) 0.4648254269350785
(170|73) 0.3301268530376222
(170|86) 0.7200979320383845
(170|96) -0.5351745730649216
(170|97) -0.2852970998483217
(170|98) 0.5191830892576711
(170|108) 0.4190679363744033
(170|111) 0.7200979320383845
(170|112) 0.4648254269350785
(170|132) 0.3009686242964088
(170|133) 0.36791541392702204
(170|144) 0.2973343396413148
(170|156) 0.3057675071781776
(170|181) 0.8072481077572847
(170|184) 0.5062181120933035
(170|185) 0.4648254269350785
(170|195) 0.4648254269350785
(171|0) 0.6689454095910032
(171|1) 0.8072481077572847
(171|17) 0.30992346694933526
(171|18) 0.36791541392702204
(171|24) 0.65046200389699
(171|36) 0.4190679363744033
(171|37) 1.0211279277023657
(171|48) 0.5440066729827032
(171|49) 0.4648254269350785
(171|51) 0.7200979320383845
(171|65) 0.36791541392702204
(171|73) 0.5191830892576711
(171|85) 0.5440066729827032
(171|86) 0.36791541392702204
(171|120) 0.6689454095910031
(171|132) 0.65046200389699
(171|144) 0.862765435607116
(171|156) 0.7037075158502152
(171|171) 0.7200979320383845
(171|181) 0.5440066729827032
(171|183) 0.4648254269350785
(171|193) 0.5440066729827032
(171|194) 0.6689454095910032
(172|1) -0.5351745730649216
(172|24) -0.3310545904089968
(172|72) -0.5351745730649216
(172|109) -0.5351745730649216
(172|110) -0.5351745730649216
(172|182) -0.5351745730649216
(173|0) -0.3590833140092403
(173|1) -0.2341445774009404
(173|16) -0.5351745730649216
(173|17) -0.5351745730649216
(173|24) -0.3590833140092403
(173|25) -0.2341445774009404
(173|36) -0.4559933270172968
(173|48) -0.2341445774009404
(173|63) -0.2341445774009404
(173|73) -0.5351745730649216
(173|86) -0.4102358364566216
(173|98) -0.5351745730649216
(173|110) -0.8362045687289027
(173|120) -0.30109136703155354
(173|132) -0.3133258234485652
(173|156) -0.30109136703155354
(173|173) -0.30109136703155354
(173|185) -0.4102358364566216
(180|14) 0.36791541392702204
(180|16) -0.6021213626955347
(180|53) 0.4648254269350785
(180|60) -0.2341445774009404
(180|61) -0.2341445774009404
(180|63) 0.8450366686466845
(180|73) 0.3301268530376222
(180|85) 0.8450366686466845
(180|87) -0.29213652437862714
(180|88) -0.3590833140092403
(180|101) 0.5440066729827032
(180|103) -0.5351745730649216
(180|109) -0.2341445774009404
(180|111) 0.34563901921586976
(180|195) 0.36791541392702204
(180|200) -0.7112658321206028
(181|18) 0.2923382921482224
(181|20) 0.3856441808874536
(181|51) 0.4837107710954522
(181|52) 0.3009686242964088
(181|53) 0.6109534626133164
(181|60) -0.27306264343131
(181|64) 0.5005409792016129
(181|65) 0.5720353965829468
(181|67) -0.4894170825042464
(181|99) 0.4330335925112272
(181|102) 0.8450366686466845
(181|104) 0.3301268530376222
(181|106) 0.4648254269350785
(181|111) 0.3629519943954719
(181|133) 0.34563901921586976
(181|145) 0.5787687792419153
(181|158) -0.5351745730649216
(181|160) -0.5351745730649216
(181|169) 0.646669014879851
(181|170) 0.8072481077572847
(181|171) 0.5440066729827032
(181|195) 0.45223629962705786
(182|51) 0.6013020769371357
(182|84) 0.5617354399431348
(182|85) 0.5485071742093798
(182|89) -0.26047351612328945
(182|96) -0.27834823989299384
(182|99) 0.3221579233663469
(182|101) 0.41534006385516015
(182|103) 0.5062181120933035
(182|104) 0.9963043439773336
(182|105) 0.36791541392702204
(182|111) 0.34443431807749914
(182|122) -0.7112658321206029
(182|123) -0.9331145817369592
(182|125) -0.7112658321206028
(182|133) 0.5674877688322261
(182|135) -0.632084586072978
(182|139) -0.8362045687289027
(182|147) -0.7112658321206028
(182|159) -0.7112658321206028
(182|161) -0.5351745730649216
(182|172) -0.5351745730649216
(182|192) 0.3072175735734103
(182|200) 0.4648254269350785
(183|51) 0.4533456092516484
(183|52) 0.47705988335209004
(183|53) 0.43795328053477706
(183|65) 0.3541271294413888
(183|73) 0.3868832530030021
(183|84) 0.5255232672886901
(183|85) 0.3730550535794331
(183|89) -0.2556842552570501
(183|90) -0.2341445774009404
(183|102) 0.4001000972984233
(183|103) 0.5617354399431348
(183|114) -0.4102358364566216
(183|122) -0.903151358359516
(183|125) -0.7112658321206028
(183|127) -0.5351745730649216
(183|133) 0.4818587662338588
(183|134) -0.2341445774009404
(183|135) -0.9745072668951842
(183|139) -0.8362045687289027
(183|147) -0.3133258234485652
(183|149) -0.4102358364566216
(183|157) -0.7112658321206028
(183|158) -1.163563503115233
(183|159) -0.4102358364566216
(183|160) -0.778212621751216
(183|169) 0.367915413927022
(183|171) 0.4648254269350785
(184|13) -0.9331145817369592
(184|51) 0.30992346694933526
(184|61) -0.2744391722601133
(184|66) 0.4348622035576352
(184|84) 0.6689454095910032
(184|85) 0.5853993581409282
(184|89) -0.4170752609869271
(184|90) -0.34808792970777713
(184|96) -0.3676834857711579
(184|103) 0.4648254269350784
(184|112) 0.42439676987947017
(184|122) -0.778212621751216
(184|123) -0.7112658321206028
(184|125) -0.3590833140092403
(184|134) -0.8362045687289027
(184|135) -0.3590833140092403
(184|138) -0.8362045687289027
(184|146) -0.7112658321206029
(184|147) -0.9331145817369592
(184|148) -0.8362045687289027
(184|151) -0.8362045687289027
(184|157) -0.7112658321206028
(184|158) -1.1372345643928838
(184|159) -0.7112658321206028
(184|169) 0.34943200823300885
(184|170) 0.5062181120933035
(184|200) 0.36791541392702204
(185|13) -0.2341445774009404
(185|14) -0.39895482604693255
(185|15) -0.3388799279209534
(185|20) -0.2852970998483217
(185|48) -0.27939970297569455
(185|51) 0.4234327417768533
(185|60) -0.37476351829440274
(185|61) -0.25013268278507067
(185|67) 0.5440066729827032
(185|84) 0.36791541392702204
(185|85) 0.8072481077572847
(185|88) -0.23842337538021538
(185|89) -0.24604380070064805
(185|90) -0.5029898896935203
(185|97) -0.3688431512983965
(185|109) -0.3179215751377143
(185|111) 0.31552734446733377
(185|114) -0.5351745730649216
(185|122) -1.1883870868402653
(185|134) -0.778212621751216
(185|135) -0.5351745730649216
(185|136) -0.5351745730649216
(185|145) -0.2799020679616155
(185|146) -1.012295827784584
(185|158) -0.7112658321206028
(185|160) -0.7112658321206028
(185|170) 0.4648254269350785
(185|173) -0.4102358364566216
(185|197) -0.2671448375038657
(185|198) -0.25896816112597254
(186|14) -0.4771826260872348
(186|15) -0.6927824264265897
(186|51) 0.4348622035576352
(186|52) 0.4648254269350785
(186|53) 0.4648254269350785
(186|60) -0.3243212077500283
(186|61) -0.307930791561859
(186|65) -0.2341445774009404
(186|66) 0.36791541392702204
(186|85) 0.36791541392702204
(186|89) -0.4739049163259989
(186|146) -0.5351745730649216
(186|147) -0.5351745730649216
(186|193) -0.26890668366015236
(186|194) -0.2341445774009404
(187|0) -0.29062593335338854
(187|15) -1.3133258234485652
(187|16) -0.29213652437862714
(187|19) -0.2341445774009404
(187|20) -0.5351745730649216
(187|24) -0.25896816112597254
(187|25) -0.4771826260872348
(187|36) -0.3098652913390587
(187|37) -0.25896816112597254
(187|48) -0.3590833140092403
(187|49) -0.5863270955123029
(187|50) -0.4559933270172968
(187|52) 0.36791541392702204
(187|60) -0.8362045687289027
(187|61) -0.3388799279209534
(187|66) -0.3590833140092403
(187|73) -0.632084586072978
(187|86) 0.36791541392702204
(187|87) -0.2341445774009404
(187|88) -0.34808792970777713
(187|89) -0.30109136703155354
(187|97) -0.5351745730649216
(187|98) -0.30472565168664767
(187|99) -0.4771826260872348
(187|108) -0.4102358364566217
(187|109) -0.4894170825042464
(187|120) -0.2671448375038657
(187|132) -0.3133258234485652
(187|144) -0.3284144942427884
(187|156) -0.2776102711820307
(187|168) -0.36603217396456816
(187|187) -0.2878294363637167
(187|195) -0.5863270955123029
(187|197) -0.38904653738668354
(192|13) -0.5351745730649216
(192|17) 0.31552734446733377
(192|20) 0.6109534626133164
(192|25) -0.2719331382903402
(192|51) 0.4190679363744033
(192|52) 0.4190679363744033
(192|53) 0.4190679363744033
(192|64) 0.6409166859907597
(192|66) 0.36791541392702204
(192|85) 0.3167628914796407
(192|96) -0.4559933270172968
(192|98) -0.30322549654423936
(192|103) 0.3398866903267785
(192|104) 0.4190679363744033
(192|108) 0.39424435264937113
(192|122) -0.23767741736805306
(192|137) -0.5351745730649216
(192|159) -0.7112658321206028
(192|169) 0.34563901921586976
(192|182) 0.3072175735734103
(193|13) 0.36791541392702204
(193|15) -0.28606237666643397
(193|52) 0.45223629962705786
(193|53) 0.3167628914796407
(193|60) -0.253449732596327
(193|65) 0.4560515026275733
(193|67) -0.2341445774009404
(193|84) 0.36791541392702204
(193|85) 0.3541271294413888
(193|89) -0.3949958698998848
(193|96) -0.30669524454955216
(193|97) -0.2473060234589113
(193|101) 0.29219469998890363
(193|103) 0.4309671596741111
(193|112) 0.33012685303762224
(193|114) 0.5440066729827032
(193|122) -0.7112658321206029
(193|123) -0.5351745730649216
(193|125) -0.8362045687289027
(193|127) -0.7112658321206028
(193|135) -0.4102358364566216
(193|145) -0.2341445774009404
(193|157) -0.2341445774009404
(193|158) -0.26266516468971307
(193|160) -0.5351745730649216
(193|171) 0.5440066729827032
(193|186) -0.26890668366015236
(194|13) 0.4648254269350785
(194|15) -0.2827499108344418
(194|51) 0.5624900786767164
(194|52) 0.34563901921586976
(194|64) 0.41906793637440326
(194|66) 0.45223629962705786
(194|73) 0.3812793754850035
(194|84) 0.4190679363744033
(194|85) 0.44795750164778286
(194|86) 0.290822126141062
(194|90) -0.2799020679616155
(194|96) -0.2479328618865736
(194|102) 0.51404344960526
(194|103) 0.29733433964131467
(194|104) 1.0211279277023657
(194|106) 0.6689454095910032
(194|112) 0.3201426321310213
(194|122) -0.757023322681278
(194|125) -0.7112658321206028
(194|133) 0.30424633405764473
(194|134) -0.3590833140092403
(194|135) -0.7112658321206029
(194|136) -0.7112658321206028
(194|139) -0.7112658321206028
(194|146) -0.38027261307917837
(194|147) -0.3310545904089968
(194|157) -0.7112658321206028
(194|158) -1.2341445774009403
(194|159) -0.4102358364566216
(194|160) -0.3590833140092403
(194|161) -0.5351745730649216
(194|169) 0.39139650977654483
(194|171) 0.6689454095910032
(194|186) -0.2341445774009404
(195|51) 0.6109534626133165
(195|52) 0.3398866903267785
(195|53) 0.4190679363744033
(195|60) -0.2719331382903402
(195|66) 0.8072481077572847
(195|67) 0.4648254269350785
(195|85) 0.4818587662338588
(195|88) -0.37655272325404904
(195|89) -0.35224388947893487
(195|96) -0.3259149507565857
(195|100) 0.4392713224626903
(195|101) 0.9963043439773336
(195|121) -0.2341445774009404
(195|122) -0.9331145817369592
(195|134) -1.1372345643928838
(195|135) -0.5351745730649216
(195|147) -0.5351745730649216
(195|148) -0.5351745730649216
(195|157) -0.9331145817369592
(195|158) -0.6021213626955347
(195|170) 0.4648254269350785
(195|180) 0.36791541392702204
(195|181) 0.45223629962705786
(195|187) -0.5863270955123029
(196|13) -0.8362045687289027
(196|17) -0.24528094351889995
(196|51) 0.33405714666605457
(196|60) -0.31846546310097623
(196|61) -0.2792229521361285
(196|67) 0.3301268530376222
(196|85) 0.9699754052549845
(196|86) 0.3922747597864667
(196|89) -0.4357899409290098
(196|90) -1.012295827784584
(196|96) -0.25533387647087846
(196|97) -0.27410787734596004
(196|108) -0.24448541073915922
(196|111) 0.5720353965829468
(196|112) 0.402677520186234
(196|113) -0.7112658321206028
(196|122) -0.7112658321206028
(196|125) -0.8362045687289027
(196|133) 0.6689454095910032
(196|134) -0.5351745730649216
(196|139) -0.5351745730649216
(196|147) -0.7112658321206028
(196|158) -0.2551074525118331
(196|169) 0.4190679363744033
(197|14) 0.36791541392702204
(197|49) -0.41023583645662154
(197|50) 0.3856441808874536
(197|51) 0.5255232672886901
(197|53) 0.4648254269350784
(197|61) -0.3243212077500284
(197|62) -0.25262798309495355
(197|67) 0.6109534626133164
(197|85) 0.367915413927022
(197|89) -0.2996461261573727
(197|96) -0.28739008935416543
(197|101) 0.36791541392702204
(197|113) -0.5351745730649216
(197|121) -0.7112658321206028
(197|122) -0.5351745730649216
(197|133) -0.4102358364566216
(197|134) -0.8362045687289027
(197|146) -0.5351745730649216
(197|148) -0.5351745730649216
(197|158) -0.5351745730649216
(197|169) 0.7435790278879074
(197|185) -0.2671448375038657
(197|187) -0.38904653738668354
(198|14) -0.3310545904089968
(198|15) -0.3133258234485652
(198|25) -0.32129475311984057
(198|51) 0.6866741765514348
(198|53) 0.36791541392702204
(198|60) -0.2852970998483217
(198|62) -0.3667701426755313
(198|85) 0.8072481077572847
(198|86) 0.34309183020198986
(198|88) -0.29541423413986306
(198|89) -0.30109136703155354
(198|100) 0.4648254269350785
(198|101) -0.2341445774009404
(198|122) -0.7112658321206028
(198|134) -0.4102358364566216
(198|145) 0.36791541392702204
(198|158) -0.5351745730649216
(198|185) -0.25896816112597254
(199|15) -0.7112658321206028
(199|19) 0.30992346694933526
(199|50) 0.4190679363744033
(199|51) 0.5440066729827032
(199|60) -0.7112658321206028
(199|65) 0.4190679363744033
(199|73) 0.6689454095910032
(199|96) -0.2799020679616155
(199|169) 0.30992346694933526
(200|15) -0.4102358364566216
(200|17) 0.6689454095910032
(200|19) -0.5351745730649216
(200|36) 0.5440066729827032
(200|61) 0.4648254269350785
(200|62) -0.9331145817369592
(200|63) 0.36791541392702204
(200|87) 0.6109534626133164
(200|88) -0.2341445774009404
(200|96) 0.4648254269350785
(200|97) 0.7200979320383845
(200|98) -0.2341445774009404
(200|108) 0.4648254269350785
(200|110) 0.30992346694933526
(200|180) -0.7112658321206028
(200|182) 0.4648254269350785
(200|184) 0.36791541392702204
