(0|18) 0.3010299956639812
(0|20) -0.5440680443502757
(0|25) -0.5440680443502757
(0|49) 0.3590219426416679
(0|62) -0.36797678529459443
(0|101) 0.3590219426416679
(0|112) -0.4191293077419757
(0|169) -0.5440680443502757
(0|170) -0.5440680443502757
(0|181) 0.3010299956639812
(0|183) 0.43365556093857216
(0|195) -1.146128035678238
(0|198) -0.5440680443502757
(1|18) 0.3590219426416679
(1|19) -0.5440680443502757
(1|36) 0.3010299956639812
(1|50) -0.5440680443502757
(1|53) -0.5440680443502757
(1|65) -0.5440680443502757
(1|100) -0.5440680443502757
(1|109) 0.3010299956639812
(1|111) -0.5440680443502757
(16|25) -0.5440680443502757
(16|48) 0.3010299956639812
(16|52) -0.5440680443502757
(16|63) -0.36797678529459443
(16|97) -0.5440680443502757
(16|98) -0.5440680443502757
(16|111) -0.5440680443502757
(16|169) -0.5440680443502757
(17|25) -0.36797678529459443
(17|36) -0.4191293077419757
(17|53) -0.5440680443502757
(17|62) -0.5440680443502757
(17|99) -0.8450980400142568
(17|100) -0.5440680443502757
(17|109) -0.4191293077419757
(17|111) -0.5440680443502757
(17|182) -0.7201593034059569
(17|185) -0.5440680443502757
(17|194) -0.36797678529459443
(17|195) -0.8450980400142568
(18|0) 0.3010299956639812
(18|1) 0.3590219426416679
(18|18) 0.3162699622207181
(18|37) 0.5351132016973492
(18|48) 0.3010299956639812
(18|72) 0.4559319556497244
(18|86) 0.6320232147054056
(18|87) 0.3010299956639812
(18|97) 0.4973246408079494
(18|110) 0.3010299956639812
(18|120) 0.3162699622207181
(18|132) 0.3162699622207181
(18|156) 0.3162699622207181
(18|168) 0.3010299956639812
(18|183) 0.4559319556497244
(18|184) -0.8450980400142568
(18|195) -0.5440680443502757
(18|198) -0.5440680443502757
(19|1) -0.5440680443502757
(19|37) -0.5440680443502757
(19|50) -0.5440680443502757
(19|65) -0.5440680443502757
(19|72) -0.5440680443502757
(19|109) -0.5440680443502757
(19|144) -0.5440680443502757
(19|181) -0.5440680443502757
(20|0) -0.5440680443502757
(20|20) -0.5440680443502757
(20|36) -0.5440680443502757
(20|50) -0.5440680443502757
(20|98) -0.5440680443502757
(20|120) -0.5440680443502757
(20|132) -0.5440680443502757
(20|144) -0.5440680443502757
(20|156) -0.5440680443502757
(20|168) -0.5440680443502757
(20|194) -0.5440680443502757
(24|49) 0.4973246408079494
(24|64) 0.3590219426416679
(24|99) 0.4559319556497244
(24|101) 0.4973246408079494
(24|112) -0.36797678529459443
(24|169) -0.5440680443502757
(24|183) 0.4559319556497244
(24|195) -1.021189299069938
(25|0) -0.5440680443502757
(25|16) -0.5440680443502757
(25|17) -0.36797678529459443
(25|48) -0.36797678529459443
(25|62) -0.36797678529459443
(25|87) -0.36797678529459443
(25|98) -0.5440680443502757
(25|168) -0.36797678529459443
(25|182) -0.5440680443502757
(25|194) -1.021189299069938
(25|195) -0.5440680443502757
(36|1) 0.3010299956639812
(36|17) -0.4191293077419757
(36|20) -0.5440680443502757
(36|52) -0.36797678529459443
(36|53) -0.36797678529459443
(36|62) -0.4648867983026509
(36|98) -0.4648867983026509
(36|133) -0.5440680443502757
(36|169) -0.5440680443502757
(36|170) -0.5440680443502757
(36|183) 0.3590219426416679
(36|195) -0.8450980400142568
(36|198) -0.5440680443502757
(37|18) 0.5351132016973492
(37|19) -0.5440680443502757
(37|64) 0.3010299956639812
(37|102) -0.5440680443502757
(37|109) 0.41017446508904926
(37|111) -0.4191293077419757
(37|192) -0.5440680443502757
(48|16) 0.3010299956639812
(48|18) 0.3010299956639812
(48|25) -0.36797678529459443
(48|101) 0.4973246408079494
(48|102) -0.8450980400142568
(48|110) 0.5698753079565612
(48|112) -0.7201593034059569
(48|170) -0.5440680443502757
(48|183) 0.5698753079565612
(48|193) 0.4559319556497244
(49|0) 0.3590219426416679
(49|24) 0.4973246408079494
(49|49) 0.5698753079565612
(49|120) 0.5698753079565612
(49|132) 0.5698753079565612
(49|144) 0.5698753079565612
(49|156) 0.5698753079565612
(49|169) -0.5440680443502757
(50|1) -0.5440680443502757
(50|19) -0.5440680443502757
(50|20) -0.5440680443502757
(50|63) -0.5440680443502757
(50|65) -0.5440680443502757
(50|73) -0.8450980400142568
(50|98) -0.5440680443502757
(50|109) -0.5440680443502757
(50|110) -0.5440680443502757
(50|144) -0.4191293077419757
(50|192) -0.5440680443502757
(50|198) -0.5440680443502757
(52|16) -0.5440680443502757
(52|36) -0.36797678529459443
(52|63) -0.5440680443502757
(52|88) -0.5440680443502757
(52|98) -0.8450980400142568
(52|110) -0.5440680443502757
(53|1) -0.5440680443502757
(53|17) -0.5440680443502757
(53|36) -0.36797678529459443
(53|61) -0.5440680443502757
(53|63) -0.5440680443502757
(53|86) -0.8450980400142568
(53|144) -0.4191293077419757
(53|193) -0.5440680443502757
(53|194) -0.5440680443502757
(53|195) -0.5440680443502757
(61|53) -0.5440680443502757
(61|184) -0.36797678529459443
(62|0) -0.36797678529459443
(62|17) -0.5440680443502757
(62|25) -0.36797678529459443
(62|36) -0.4648867983026509
(62|72) -0.39794000867203766
(62|86) -0.7201593034059569
(62|97) -0.5440680443502757
(62|98) -0.5440680443502757
(62|99) -0.5440680443502757
(62|100) -0.5440680443502757
(62|133) -0.5440680443502757
(62|144) -0.39794000867203766
(62|168) -0.4471580313422192
(62|181) -0.5440680443502757
(62|184) -0.5440680443502757
(62|185) -0.8450980400142568
(63|16) -0.36797678529459443
(63|50) -0.5440680443502757
(63|52) -0.5440680443502757
(63|53) -0.5440680443502757
(63|87) -0.8450980400142568
(63|98) -0.5440680443502757
(64|24) 0.3590219426416679
(64|37) 0.3010299956639812
(64|64) 0.41017446508904926
(64|87) -0.5440680443502757
(64|120) 0.41017446508904926
(64|132) 0.41017446508904926
(64|144) 0.3590219426416679
(64|156) 0.41017446508904926
(64|182) -0.5440680443502757
(65|1) -0.5440680443502757
(65|19) -0.5440680443502757
(65|50) -0.5440680443502757
(65|109) -0.4191293077419757
(65|112) -0.8450980400142568
(65|169) -0.5440680443502757
(65|170) -0.5440680443502757
(65|192) -0.5440680443502757
(66|73) -0.5440680443502757
(66|88) -0.5440680443502757
(66|198) -0.5440680443502757
(72|18) 0.4559319556497244
(72|19) -0.5440680443502757
(72|62) -0.39794000867203766
(72|101) 0.41017446508904926
(72|195) -0.8450980400142568
(73|50) -0.8450980400142568
(73|66) -0.5440680443502757
(73|86) 0.4559319556497244
(73|88) -0.36797678529459443
(73|97) 0.3010299956639812
(73|98) -0.5440680443502757
(73|102) -0.5440680443502757
(73|110) 0.3010299956639812
(73|112) -0.5440680443502757
(73|182) -0.36797678529459443
(73|198) -0.5440680443502757
(86|18) 0.6320232147054056
(86|53) -0.8450980400142568
(86|62) -0.7201593034059569
(86|73) 0.4559319556497244
(86|97) 0.41017446508904926
(86|101) 0.3590219426416679
(86|102) -0.36797678529459443
(86|110) 0.3590219426416679
(86|169) -0.5440680443502757
(86|182) 0.3590219426416679
(86|184) -0.36797678529459443
(86|185) -0.36797678529459443
(87|18) 0.3010299956639812
(87|25) -0.36797678529459443
(87|63) -0.8450980400142568
(87|64) -0.5440680443502757
(87|111) -0.5440680443502757
(87|112) -0.36797678529459443
(87|169) -0.5440680443502757
(87|182) -0.8450980400142568
(87|194) -0.4191293077419757
(88|52) -0.5440680443502757
(88|66) -0.5440680443502757
(88|73) -0.36797678529459443
(88|98) -0.4471580313422192
(88|100) -0.5440680443502757
(88|110) 0.3590219426416679
(88|184) -0.36797678529459443
(88|195) -0.8450980400142568
(97|16) -0.5440680443502757
(97|18) 0.4973246408079494
(97|62) -0.5440680443502757
(97|73) 0.3010299956639812
(97|86) 0.41017446508904926
(97|112) -0.8450980400142568
(98|16) -0.5440680443502757
(98|20) -0.5440680443502757
(98|25) -0.5440680443502757
(98|36) -0.4648867983026509
(98|50) -0.5440680443502757
(98|52) -0.8450980400142568
(98|62) -0.5440680443502757
(98|63) -0.5440680443502757
(98|73) -0.5440680443502757
(98|88) -0.4471580313422192
(98|109) -0.5440680443502757
(98|110) -0.5440680443502757
(98|120) -0.38916608436453254
(98|132) -0.38916608436453254
(98|144) -0.38916608436453254
(98|184) -0.4191293077419757
(98|185) -0.5440680443502757
(98|195) -0.5440680443502757
(99|17) -0.8450980400142568
(99|24) 0.4559319556497244
(99|62) -0.5440680443502757
(99|109) -0.5440680443502757
(99|168) 0.4559319556497244
(99|182) -0.5440680443502757
(99|185) -0.5440680443502757
(100|1) -0.5440680443502757
(100|17) -0.5440680443502757
(100|62) -0.5440680443502757
(100|88) -0.5440680443502757
(100|169) -0.5440680443502757
(100|193) -0.5440680443502757
(101|0) 0.3590219426416679
(101|24) 0.4973246408079494
(101|48) 0.4973246408079494
(101|72) 0.41017446508904926
(101|86) 0.3590219426416679
(101|101) 0.5351132016973492
(101|112) -0.5440680443502757
(101|120) 0.5351132016973492
(101|132) 0.4973246408079494
(101|144) 0.5351132016973492
(101|156) 0.5351132016973492
(101|168) 0.5351132016973492
(102|37) -0.5440680443502757
(102|48) -0.8450980400142568
(102|73) -0.5440680443502757
(102|86) -0.36797678529459443
(102|111) -0.8450980400142568
(102|184) -0.5440680443502757
(102|194) -0.5440680443502757
(109|1) 0.3010299956639812
(109|17) -0.4191293077419757
(109|19) -0.5440680443502757
(109|37) 0.41017446508904926
(109|50) -0.5440680443502757
(109|65) -0.4191293077419757
(109|98) -0.5440680443502757
(109|99) -0.5440680443502757
(109|170) -0.5440680443502757
(109|192) -0.5440680443502757
(110|18) 0.3010299956639812
(110|48) 0.5698753079565612
(110|50) -0.5440680443502757
(110|52) -0.5440680443502757
(110|73) 0.3010299956639812
(110|86) 0.3590219426416679
(110|88) 0.3590219426416679
(110|98) -0.5440680443502757
(110|194) 0.4559319556497244
(111|1) -0.5440680443502757
(111|16) -0.5440680443502757
(111|17) -0.5440680443502757
(111|37) -0.4191293077419757
(111|87) -0.5440680443502757
(111|102) -0.8450980400142568
(111|133) -0.5440680443502757
(111|184) -0.8450980400142568
(111|185) -0.5440680443502757
(111|194) -1.021189299069938
(112|0) -0.4191293077419757
(112|24) -0.36797678529459443
(112|48) -0.7201593034059569
(112|65) -0.8450980400142568
(112|73) -0.5440680443502757
(112|87) -0.36797678529459443
(112|97) -0.8450980400142568
(112|101) -0.5440680443502757
(112|144) -0.4191293077419757
(112|181) -0.5440680443502757
(112|194) -0.5440680443502757
(120|18) 0.3162699622207181
(120|20) -0.5440680443502757
(120|49) 0.5698753079565612
(120|64) 0.41017446508904926
(120|98) -0.38916608436453254
(120|101) 0.5351132016973492
(120|133) -0.5440680443502757
(120|183) 0.4973246408079494
(120|195) -0.8450980400142568
(132|18) 0.3162699622207181
(132|20) -0.5440680443502757
(132|49) 0.5698753079565612
(132|64) 0.41017446508904926
(132|98) -0.38916608436453254
(132|101) 0.4973246408079494
(132|183) 0.4973246408079494
(132|193) 0.3309932190414244
(132|195) -0.8450980400142568
(133|36) -0.5440680443502757
(133|62) -0.5440680443502757
(133|111) -0.5440680443502757
(133|120) -0.5440680443502757
(144|19) -0.5440680443502757
(144|20) -0.5440680443502757
(144|49) 0.5698753079565612
(144|50) -0.4191293077419757
(144|53) -0.4191293077419757
(144|62) -0.39794000867203766
(144|64) 0.3590219426416679
(144|98) -0.38916608436453254
(144|101) 0.5351132016973492
(144|112) -0.4191293077419757
(144|183) 0.47712125471966244
(156|18) 0.3162699622207181
(156|20) -0.5440680443502757
(156|49) 0.5698753079565612
(156|64) 0.41017446508904926
(156|101) 0.5351132016973492
(156|183) 0.4973246408079494
(156|195) -0.8450980400142568
(168|18) 0.3010299956639812
(168|20) -0.5440680443502757
(168|25) -0.36797678529459443
(168|62) -0.4471580313422192
(168|99) 0.4559319556497244
(168|101) 0.5351132016973492
(168|182) 0.3590219426416679
(168|183) 0.47712125471966244
(168|195) -0.7201593034059569
(169|0) -0.5440680443502757
(169|16) -0.5440680443502757
(169|24) -0.5440680443502757
(169|36) -0.5440680443502757
(169|49) -0.5440680443502757
(169|65) -0.5440680443502757
(169|86) -0.5440680443502757
(169|87) -0.5440680443502757
(169|100) -0.5440680443502757
(169|182) -0.5440680443502757
(169|184) -0.5440680443502757
(170|0) -0.5440680443502757
(170|36) -0.5440680443502757
(170|48) -0.5440680443502757
(170|65) -0.5440680443502757
(170|109) -0.5440680443502757
(170|182) -0.5440680443502757
(181|0) 0.3010299956639812
(181|19) -0.5440680443502757
(181|62) -0.5440680443502757
(181|112) -0.5440680443502757
(181|192) -0.36797678529459443
(182|17) -0.7201593034059569
(182|25) -0.5440680443502757
(182|64) -0.5440680443502757
(182|73) -0.36797678529459443
(182|86) 0.3590219426416679
(182|87) -0.8450980400142568
(182|99) -0.5440680443502757
(182|168) 0.3590219426416679
(182|169) -0.5440680443502757
(182|170) -0.5440680443502757
(183|0) 0.43365556093857216
(183|18) 0.4559319556497244
(183|24) 0.4559319556497244
(183|36) 0.3590219426416679
(183|48) 0.5698753079565612
(183|120) 0.4973246408079494
(183|132) 0.4973246408079494
(183|144) 0.47712125471966244
(183|156) 0.4973246408079494
(183|168) 0.47712125471966244
(183|183) 0.4973246408079494
(183|194) 0.3590219426416679
(184|18) -0.8450980400142568
(184|61) -0.36797678529459443
(184|62) -0.5440680443502757
(184|86) -0.36797678529459443
(184|88) -0.36797678529459443
(184|98) -0.4191293077419757
(184|102) -0.5440680443502757
(184|111) -0.8450980400142568
(184|169) -0.5440680443502757
(184|194) -0.4191293077419757
(185|17) -0.5440680443502757
(185|62) -0.8450980400142568
(185|86) -0.36797678529459443
(185|98) -0.5440680443502757
(185|99) -0.5440680443502757
(185|111) -0.5440680443502757
(192|37) -0.5440680443502757
(192|50) -0.5440680443502757
(192|65) -0.5440680443502757
(192|109) -0.5440680443502757
(192|181) -0.36797678529459443
(193|48) 0.4559319556497244
(193|53) -0.5440680443502757
(193|100) -0.5440680443502757
(193|132) 0.3309932190414244
(194|17) -0.36797678529459443
(194|20) -0.5440680443502757
(194|25) -1.021189299069938
(194|53) -0.5440680443502757
(194|87) -0.4191293077419757
(194|102) -0.5440680443502757
(194|110) 0.4559319556497244
(194|111) -1.021189299069938
(194|112) -0.5440680443502757
(194|183) 0.3590219426416679
(194|184) -0.4191293077419757
(195|0) -1.146128035678238
(195|17) -0.8450980400142568
(195|18) -0.5440680443502757
(195|24) -1.021189299069938
(195|25) -0.5440680443502757
(195|36) -0.8450980400142568
(195|53) -0.5440680443502757
(195|72) -0.8450980400142568
(195|88) -0.8450980400142568
(195|98) -0.5440680443502757
(195|120) -0.8450980400142568
(195|132) -0.8450980400142568
(195|156) -0.8450980400142568
(195|168) -0.7201593034059569
(195|195) -0.8450980400142568
(198|0) -0.5440680443502757
(198|18) -0.5440680443502757
(198|36) -0.5440680443502757
(198|50) -0.5440680443502757
(198|66) -0.5440680443502757
(198|73) -0.5440680443502757
