(0|14) -0.5642714304385626
(0|16) -0.27547589119159305
(0|17) 0.2596373105057561
(0|18) 0.5783960731301689
(0|19) 0.31078983295313745
(0|50) 0.3979400086720376
(0|64) 0.35654732351381263
(0|65) -0.3424226808222062
(0|88) 0.5783960731301689
(0|97) 0.8037053548560317
(0|98) 0.27487727706249293
(0|100) 0.35654732351381263
(0|101) -0.40041462779989306
(0|102) -0.46736141743050624
(0|108) 0.6575773191777938
(0|121) -0.6434526764861874
(0|181) 0.2596373105057561
(0|183) 0.3565473235138125
(0|186) -0.6434526764861874
(0|195) 0.35654732351381263
(0|197) 0.43572856956143735
(0|198) 0.2596373105057561
(1|16) -0.7403626894942439
(1|20) -0.3424226808222062
(1|25) -0.6434526764861874
(1|36) -0.27547589119159305
(1|62) -0.421603926869831
(1|63) -0.6434526764861874
(1|64) 0.5026753591920505
(1|72) -0.3189415849726833
(1|73) 0.5026753591920505
(1|86) -0.27547589119159305
(1|87) -0.3424226808222062
(1|98) -0.4515671502472743
(1|99) -0.4885507165004443
(1|101) -0.3424226808222062
(1|108) -0.27547589119159305
(1|109) -0.6434526764861874
(1|133) -0.6434526764861874
(1|181) 0.2596373105057561
(1|182) -0.26324143477458145
(1|183) -0.421603926869831
(1|184) -0.3424226808222062
(1|193) -0.2455126678141498
(1|195) -0.5185139398778875
(1|197) -0.3424226808222062
(1|198) -0.3424226808222062
(14|0) -0.5642714304385626
(14|14) -0.6434526764861874
(14|24) -0.6434526764861874
(14|25) -0.6434526764861874
(14|36) -0.3424226808222062
(14|37) -0.7403626894942439
(14|48) -0.6434526764861874
(14|49) -0.3424226808222062
(14|61) -0.3424226808222062
(14|62) -0.9444826721501687
(14|72) -0.5642714304385626
(14|87) -0.7403626894942439
(14|99) -0.6434526764861874
(14|102) -0.3424226808222062
(14|111) -0.7403626894942439
(14|120) -0.5642714304385626
(14|132) -0.5642714304385626
(14|144) -0.6434526764861874
(14|156) -0.6434526764861874
(14|168) -0.6434526764861874
(14|182) -0.3424226808222062
(14|183) -0.3424226808222062
(14|192) -0.8195439355418687
(14|193) -0.8195439355418687
(16|0) -0.27547589119159305
(16|1) -0.7403626894942439
(16|16) -0.36875161954455543
(16|24) -0.4149733479708179
(16|25) -0.2455126678141498
(16|36) -0.34242268082220617
(16|37) -0.40041462779989306
(16|48) -0.4393326938302627
(16|49) -0.26324143477458145
(16|50) -0.3424226808222062
(16|61) -0.5185139398778875
(16|62) 0.2596373105057561
(16|63) -0.886490725172482
(16|64) 0.2596373105057561
(16|65) -0.3424226808222062
(16|72) -0.43933269383026263
(16|86) -0.546542663478131
(16|88) -0.3424226808222062
(16|98) -0.4393326938302627
(16|99) -0.5854607295085007
(16|101) -0.3424226808222062
(16|102) -0.6434526764861874
(16|108) -0.3424226808222062
(16|110) -0.3424226808222062
(16|111) -0.6434526764861874
(16|112) -0.6434526764861874
(16|120) -0.37045140442244984
(16|121) -0.3424226808222062
(16|132) -0.3424226808222062
(16|144) -0.36875161954455543
(16|156) -0.36875161954455543
(16|168) -0.36875161954455543
(16|181) -0.9444826721501687
(16|182) -0.6434526764861874
(16|184) -0.3424226808222062
(16|193) -0.34242268082220617
(16|194) -0.7403626894942439
(16|196) -0.3424226808222062
(17|0) 0.2596373105057561
(17|36) 0.3565473235138125
(17|49) 0.35654732351381263
(17|63) 0.2596373105057561
(17|72) 0.25963731050575617
(17|97) -0.3424226808222062
(17|98) 0.32658410013636935
(17|99) 0.47049067582064935
(17|100) 0.43572856956143735
(17|109) -0.3424226808222062
(17|110) 0.32658410013636935
(17|111) 0.38457604711405613
(17|120) 0.2703611758975292
(17|132) 0.2596373105057561
(17|133) -0.3424226808222062
(17|182) 0.35654732351381263
(17|183) 0.43572856956143735
(17|185) 0.2596373105057561
(17|186) -0.3424226808222062
(17|195) -0.3424226808222062
(18|0) 0.5783960731301689
(18|18) 0.3309932190414244
(18|24) 0.30384097299780954
(18|36) 0.43572856956143735
(18|37) 0.2808266095756942
(18|48) 0.6276140958003505
(18|49) -0.3424226808222062
(18|61) 0.47049067582064935
(18|72) 0.2438430433225242
(18|87) 0.6118198286171186
(18|88) 0.5026753591920505
(18|97) 0.47049067582064935
(18|99) 0.2596373105057561
(18|108) 0.31078983295313745
(18|109) 0.6575773191777938
(18|110) 0.31078983295313745
(18|120) 0.3309932190414244
(18|132) 0.3309932190414244
(18|144) 0.3176292574834429
(18|156) 0.3309932190414244
(18|168) 0.3309932190414244
(18|183) 0.5606673061697374
(18|184) 0.35654732351381263
(19|0) 0.31078983295313745
(19|48) 0.3979400086720376
(19|61) 0.43572856956143735
(19|63) -0.3424226808222062
(19|65) -0.3424226808222062
(19|87) -0.6434526764861874
(19|98) 0.2596373105057561
(19|99) -0.3424226808222062
(19|109) -0.3424226808222062
(19|112) -0.3424226808222062
(19|195) -0.3424226808222062
(19|196) -0.3424226808222062
(19|197) -0.6434526764861874
(20|1) -0.3424226808222062
(20|110) -0.3424226808222062
(24|14) -0.6434526764861874
(24|16) -0.4149733479708179
(24|18) 0.30384097299780954
(24|64) 0.3565473235138125
(24|65) -0.421603926869831
(24|73) 0.3565473235138125
(24|87) -0.24551266781414988
(24|88) 0.3176292574834429
(24|97) 0.43572856956143746
(24|100) 0.8037053548560317
(24|101) -0.40936947045281946
(24|102) -0.3424226808222062
(24|113) -0.3424226808222062
(24|133) -0.9444826721501687
(24|181) 0.4814860601221126
(24|186) -0.6434526764861874
(24|195) -0.2455126678141498
(24|196) 0.38457604711405613
(25|1) -0.6434526764861874
(25|14) -0.6434526764861874
(25|16) -0.2455126678141498
(25|62) -0.3424226808222062
(25|63) -0.6434526764861874
(25|73) -0.8195439355418687
(25|87) -0.2455126678141498
(25|88) 0.2596373105057561
(25|99) -0.5185139398778875
(25|101) -0.3424226808222062
(25|102) -0.3424226808222062
(25|109) 0.35654732351381263
(25|111) -0.5185139398778875
(25|182) -0.6434526764861874
(25|183) 0.5606673061697374
(25|192) -0.3424226808222062
(25|193) -0.4393326938302627
(36|1) -0.27547589119159305
(36|14) -0.3424226808222062
(36|16) -0.34242268082220617
(36|17) 0.3565473235138125
(36|18) 0.43572856956143735
(36|50) 0.5606673061697374
(36|61) 0.3777366225837506
(36|63) -0.46736141743050624
(36|65) -0.5642714304385626
(36|73) 0.35654732351381263
(36|88) 0.3565473235138125
(36|97) 0.6118198286171186
(36|100) 0.43572856956143735
(36|101) -0.4393326938302627
(36|102) -0.3424226808222062
(36|112) -0.46736141743050624
(36|181) 0.35654732351381263
(36|195) 0.2596373105057561
(36|197) 0.35654732351381263
(37|14) -0.7403626894942439
(37|16) -0.40041462779989306
(37|18) 0.2808266095756942
(37|50) -0.5642714304385626
(37|65) 0.2596373105057561
(37|87) -0.3424226808222063
(37|88) 0.2808266095756942
(37|97) 0.3979400086720376
(37|100) 0.6575773191777938
(37|101) -0.3424226808222062
(37|102) -0.3424226808222062
(37|109) -0.421603926869831
(37|133) -0.9444826721501687
(37|185) 0.2596373105057561
(37|186) -0.5185139398778875
(37|193) -0.26987201367359454
(37|195) -0.3424226808222062
(48|14) -0.6434526764861874
(48|16) -0.4393326938302627
(48|18) 0.6276140958003505
(48|19) 0.3979400086720376
(48|65) -0.3424226808222062
(48|88) 0.7715206714846305
(48|97) 0.6353009244666415
(48|100) 0.5026753591920505
(48|102) -0.3424226808222062
(48|108) 0.2943994167649681
(48|133) -0.9444826721501687
(48|181) 0.38457604711405613
(48|185) 0.2596373105057561
(48|186) -0.8195439355418687
(48|197) 0.35654732351381263
(49|14) -0.3424226808222062
(49|16) -0.26324143477458145
(49|17) 0.35654732351381263
(49|18) -0.3424226808222062
(49|61) 0.6118198286171186
(49|63) -0.3424226808222062
(49|64) -0.3424226808222062
(49|65) -0.3424226808222062
(49|99) 0.31078983295313745
(49|101) -0.7403626894942439
(49|102) -0.3424226808222062
(49|109) -0.3424226808222062
(49|112) -0.3424226808222062
(49|181) 0.2596373105057561
(49|182) -0.5185139398778875
(49|183) 0.43572856956143735
(49|185) -0.3424226808222062
(49|193) -0.3424226808222062
(50|0) 0.3979400086720376
(50|16) -0.3424226808222062
(50|36) 0.5606673061697374
(50|37) -0.5642714304385626
(50|86) 0.35654732351381263
(50|87) -0.6434526764861874
(50|88) 0.2596373105057561
(50|101) -0.3424226808222062
(50|108) -0.3424226808222062
(50|110) 0.43572856956143735
(50|111) -0.6434526764861874
(50|193) -0.3424226808222062
(61|14) -0.3424226808222062
(61|16) -0.5185139398778875
(61|18) 0.47049067582064935
(61|19) 0.43572856956143735
(61|36) 0.3777366225837506
(61|49) 0.6118198286171186
(61|87) -0.3424226808222062
(61|88) 0.833668578233475
(61|98) 0.2943994167649681
(61|100) 0.31078983295313745
(61|101) -0.5185139398778875
(61|108) 0.2596373105057561
(61|112) 0.35654732351381263
(61|181) 0.2596373105057561
(61|182) 0.32658410013636935
(61|184) -0.2966651902615311
(61|192) 0.35654732351381263
(61|196) 0.2596373105057561
(62|1) -0.421603926869831
(62|14) -0.9444826721501687
(62|16) 0.2596373105057561
(62|25) -0.3424226808222062
(62|73) 0.35654732351381263
(62|97) 0.2596373105057561
(62|101) -0.2455126678141498
(62|102) -0.6434526764861874
(62|108) -0.3424226808222062
(62|112) -0.3424226808222062
(62|121) -0.3424226808222062
(62|181) 0.2596373105057561
(62|182) -0.4393326938302627
(62|183) 0.2596373105057561
(62|184) -0.3424226808222062
(62|186) -0.3424226808222062
(62|196) 0.2596373105057561
(63|1) -0.6434526764861874
(63|16) -0.886490725172482
(63|17) 0.2596373105057561
(63|19) -0.3424226808222062
(63|25) -0.6434526764861874
(63|36) -0.46736141743050624
(63|49) -0.3424226808222062
(63|73) -0.3424226808222062
(63|86) 0.3979400086720376
(63|87) -0.4885507165004443
(63|88) -0.5185139398778875
(63|98) -0.5642714304385626
(63|99) -0.4393326938302627
(63|101) -0.6434526764861874
(63|109) 0.35654732351381263
(63|110) -0.6434526764861874
(63|112) -0.6434526764861874
(63|133) -0.6434526764861874
(63|181) 0.43572856956143735
(63|183) -0.3424226808222062
(63|184) -0.5185139398778875
(63|185) -0.3424226808222062
(63|186) -0.3424226808222062
(63|192) -0.6434526764861874
(63|193) -0.6434526764861874
(63|194) 0.43572856956143735
(63|195) -0.3424226808222062
(64|0) 0.35654732351381263
(64|1) 0.5026753591920505
(64|16) 0.2596373105057561
(64|24) 0.3565473235138125
(64|49) -0.3424226808222062
(64|64) 0.4109049858364052
(64|72) 0.3565473235138125
(64|86) 0.35654732351381263
(64|87) 0.35654732351381263
(64|88) 0.5026753591920505
(64|108) -0.3424226808222062
(64|120) 0.4109049858364052
(64|132) 0.4109049858364052
(64|144) 0.4109049858364052
(64|156) 0.4109049858364052
(64|168) 0.4109049858364052
(64|181) 0.35654732351381263
(64|185) -0.3424226808222062
(64|194) -0.3424226808222062
(64|196) 0.2596373105057561
(65|0) -0.3424226808222062
(65|16) -0.3424226808222062
(65|19) -0.3424226808222062
(65|24) -0.421603926869831
(65|36) -0.5642714304385626
(65|37) 0.2596373105057561
(65|48) -0.3424226808222062
(65|49) -0.3424226808222062
(65|65) -0.27547589119159305
(65|73) -0.6434526764861874
(65|86) -0.6434526764861874
(65|87) -0.3424226808222062
(65|97) -0.3424226808222062
(65|98) -0.3424226808222062
(65|110) -0.3424226808222062
(65|120) -0.27547589119159305
(65|132) -0.27547589119159305
(65|144) -0.27547589119159305
(65|156) -0.27547589119159305
(65|168) -0.27547589119159305
(65|182) -0.6434526764861874
(65|183) 0.2596373105057561
(65|184) -0.3424226808222062
(65|197) -0.3424226808222062
(65|198) -0.3424226808222062
(72|1) -0.3189415849726833
(72|14) -0.5642714304385626
(72|16) -0.43933269383026263
(72|17) 0.25963731050575617
(72|18) 0.2438430433225242
(72|64) 0.3565473235138125
(72|87) -0.2989569870411159
(72|88) 0.27300127206373764
(72|97) 0.5869962448920865
(72|100) 0.7367585652254186
(72|101) -0.39357520326958756
(72|102) -0.3424226808222062
(72|113) -0.3424226808222062
(72|121) -0.9444826721501687
(72|133) -0.9444826721501687
(72|186) -0.6434526764861874
(72|196) 0.4109049858364052
(73|1) 0.5026753591920505
(73|24) 0.3565473235138125
(73|25) -0.8195439355418687
(73|36) 0.35654732351381263
(73|62) 0.35654732351381263
(73|63) -0.3424226808222062
(73|65) -0.6434526764861874
(73|86) 0.2596373105057561
(73|100) 0.2596373105057561
(73|102) -0.3424226808222062
(73|109) -0.8195439355418687
(73|110) 0.35654732351381263
(73|181) 0.5026753591920505
(73|182) -0.8195439355418687
(73|183) 0.35654732351381263
(73|194) 0.2596373105057561
(86|1) -0.27547589119159305
(86|16) -0.546542663478131
(86|50) 0.35654732351381263
(86|63) 0.3979400086720376
(86|64) 0.35654732351381263
(86|65) -0.6434526764861874
(86|73) 0.2596373105057561
(86|97) 0.47049067582064935
(86|101) -0.3424226808222062
(86|102) -0.3424226808222062
(86|108) 0.31078983295313745
(86|109) 0.3565473235138125
(86|111) -0.3424226808222062
(86|112) -0.3424226808222062
(86|181) 0.7367585652254186
(86|184) -0.26324143477458145
(86|193) -0.3424226808222062
(86|194) -0.2844307338445195
(86|198) 0.2596373105057561
(87|1) -0.3424226808222062
(87|14) -0.7403626894942439
(87|18) 0.6118198286171186
(87|19) -0.6434526764861874
(87|24) -0.24551266781414988
(87|25) -0.2455126678141498
(87|37) -0.3424226808222063
(87|50) -0.6434526764861874
(87|61) -0.3424226808222062
(87|63) -0.4885507165004443
(87|64) 0.35654732351381263
(87|65) -0.3424226808222062
(87|72) -0.2989569870411159
(87|87) -0.24551266781414988
(87|97) 0.5026753591920505
(87|98) -0.2844307338445195
(87|99) -0.46736141743050624
(87|101) -0.5642714304385626
(87|102) -0.5185139398778875
(87|109) -0.7403626894942439
(87|111) -0.3424226808222062
(87|121) -0.9444826721501687
(87|133) -0.9444826721501687
(87|144) -0.26023592463485623
(87|156) -0.24551266781414988
(87|168) -0.24551266781414988
(87|182) -0.8195439355418687
(87|184) -0.3424226808222062
(87|186) -0.8195439355418687
(87|192) -0.46736141743050624
(87|193) -0.3881801713828814
(87|195) -0.5185139398778875
(87|196) 0.35654732351381263
(88|0) 0.5783960731301689
(88|16) -0.3424226808222062
(88|18) 0.5026753591920505
(88|24) 0.3176292574834429
(88|25) 0.2596373105057561
(88|36) 0.3565473235138125
(88|37) 0.2808266095756942
(88|48) 0.7715206714846305
(88|50) 0.2596373105057561
(88|61) 0.833668578233475
(88|63) -0.5185139398778875
(88|64) 0.5026753591920505
(88|72) 0.27300127206373764
(88|88) 0.31078983295313745
(88|99) 0.2943994167649681
(88|110) 0.35654732351381263
(88|111) 0.7367585652254186
(88|112) 0.2596373105057561
(88|120) 0.31078983295313745
(88|132) 0.31078983295313745
(88|144) 0.31078983295313745
(88|156) 0.31078983295313745
(88|168) 0.31078983295313745
(88|193) 0.6575773191777938
(88|194) 0.32658410013636935
(88|195) -0.3424226808222062
(88|197) -0.3424226808222062
(97|0) 0.8037053548560317
(97|17) -0.3424226808222062
(97|18) 0.47049067582064935
(97|24) 0.43572856956143746
(97|36) 0.6118198286171186
(97|37) 0.3979400086720376
(97|48) 0.6353009244666415
(97|62) 0.2596373105057561
(97|65) -0.3424226808222062
(97|72) 0.5869962448920865
(97|86) 0.47049067582064935
(97|87) 0.5026753591920505
(97|97) 0.4814860601221126
(97|109) 0.6118198286171186
(97|120) 0.4814860601221126
(97|132) 0.4814860601221126
(97|144) 0.4814860601221126
(97|156) 0.4814860601221126
(97|168) 0.4814860601221126
(97|182) -0.3424226808222062
(97|193) -0.3424226808222062
(97|195) 0.2596373105057561
(98|0) 0.27487727706249293
(98|1) -0.4515671502472743
(98|16) -0.4393326938302627
(98|17) 0.32658410013636935
(98|19) 0.2596373105057561
(98|61) 0.2943994167649681
(98|63) -0.5642714304385626
(98|65) -0.3424226808222062
(98|87) -0.2844307338445195
(98|108) -0.3424226808222062
(98|109) -0.3424226808222062
(98|133) -0.8195439355418687
(98|182) 0.2596373105057561
(98|192) -0.2455126678141498
(98|193) 0.2596373105057561
(98|196) 0.6575773191777938
(98|197) 0.2596373105057561
(99|1) -0.4885507165004443
(99|14) -0.6434526764861874
(99|16) -0.5854607295085007
(99|17) 0.47049067582064935
(99|18) 0.2596373105057561
(99|19) -0.3424226808222062
(99|25) -0.5185139398778875
(99|49) 0.31078983295313745
(99|63) -0.4393326938302627
(99|87) -0.46736141743050624
(99|88) 0.2943994167649681
(99|109) 0.35654732351381263
(99|112) -0.8195439355418687
(99|181) -0.3424226808222062
(99|183) -0.3424226808222062
(99|193) -0.26324143477458145
(99|195) -0.3424226808222062
(99|198) -0.3424226808222062
(100|0) 0.35654732351381263
(100|17) 0.43572856956143735
(100|24) 0.8037053548560317
(100|36) 0.43572856956143735
(100|37) 0.6575773191777938
(100|48) 0.5026753591920505
(100|61) 0.31078983295313745
(100|72) 0.7367585652254186
(100|73) 0.2596373105057561
(100|100) 0.5606673061697374
(100|111) 0.5026753591920505
(100|120) 0.5326385825694938
(100|132) 0.5606673061697374
(100|144) 0.5606673061697374
(100|156) 0.5606673061697374
(100|168) 0.5606673061697374
(100|182) 0.5026753591920505
(100|193) 0.2596373105057561
(100|194) 0.35654732351381263
(101|0) -0.40041462779989306
(101|1) -0.3424226808222062
(101|16) -0.3424226808222062
(101|24) -0.40936947045281946
(101|25) -0.3424226808222062
(101|36) -0.4393326938302627
(101|37) -0.3424226808222062
(101|49) -0.7403626894942439
(101|50) -0.3424226808222062
(101|61) -0.5185139398778875
(101|62) -0.2455126678141498
(101|63) -0.6434526764861874
(101|72) -0.39357520326958756
(101|86) -0.3424226808222062
(101|87) -0.5642714304385626
(101|101) -0.39357520326958756
(101|109) -0.3424226808222062
(101|120) -0.3424226808222062
(101|132) -0.39357520326958756
(101|144) -0.39357520326958756
(101|156) -0.39357520326958756
(101|168) -0.39357520326958756
(101|184) -0.6434526764861874
(101|193) -0.4393326938302627
(101|194) -0.5185139398778875
(102|0) -0.46736141743050624
(102|14) -0.3424226808222062
(102|16) -0.6434526764861874
(102|24) -0.3424226808222062
(102|25) -0.3424226808222062
(102|36) -0.3424226808222062
(102|37) -0.3424226808222062
(102|48) -0.3424226808222062
(102|49) -0.3424226808222062
(102|62) -0.6434526764861874
(102|72) -0.3424226808222062
(102|73) -0.3424226808222062
(102|86) -0.3424226808222062
(102|87) -0.5185139398778875
(102|102) -0.3424226808222062
(102|120) -0.3424226808222062
(102|132) -0.3424226808222062
(102|144) -0.3424226808222062
(102|156) -0.3424226808222062
(102|168) -0.3424226808222062
(102|193) -0.5185139398778875
(108|0) 0.6575773191777938
(108|1) -0.27547589119159305
(108|16) -0.3424226808222062
(108|18) 0.31078983295313745
(108|48) 0.2943994167649681
(108|50) -0.3424226808222062
(108|61) 0.2596373105057561
(108|62) -0.3424226808222062
(108|64) -0.3424226808222062
(108|86) 0.31078983295313745
(108|98) -0.3424226808222062
(108|121) -0.3424226808222062
(108|133) -0.3424226808222062
(108|181) 0.35654732351381263
(108|183) -0.3424226808222062
(108|193) 0.35654732351381263
(108|196) -0.6434526764861874
(109|1) -0.6434526764861874
(109|17) -0.3424226808222062
(109|18) 0.6575773191777938
(109|19) -0.3424226808222062
(109|25) 0.35654732351381263
(109|37) -0.421603926869831
(109|49) -0.3424226808222062
(109|63) 0.35654732351381263
(109|73) -0.8195439355418687
(109|86) 0.3565473235138125
(109|87) -0.7403626894942439
(109|97) 0.6118198286171186
(109|98) -0.3424226808222062
(109|99) 0.35654732351381263
(109|101) -0.3424226808222062
(109|183) 0.5026753591920505
(109|184) -0.2455126678141498
(109|193) -0.3424226808222062
(109|194) -0.2455126678141498
(109|196) 0.2596373105057561
(109|197) -0.6434526764861874
(110|16) -0.3424226808222062
(110|17) 0.32658410013636935
(110|18) 0.31078983295313745
(110|20) -0.3424226808222062
(110|50) 0.43572856956143735
(110|63) -0.6434526764861874
(110|65) -0.3424226808222062
(110|73) 0.35654732351381263
(110|88) 0.35654732351381263
(110|181) 0.5026753591920505
(110|182) -0.7103994661168007
(110|183) 0.43572856956143735
(110|192) -0.3424226808222062
(110|194) 0.35654732351381263
(110|195) 0.35654732351381263
(111|14) -0.7403626894942439
(111|16) -0.6434526764861874
(111|17) 0.38457604711405613
(111|25) -0.5185139398778875
(111|50) -0.6434526764861874
(111|86) -0.3424226808222062
(111|87) -0.3424226808222062
(111|88) 0.7367585652254186
(111|100) 0.5026753591920505
(111|180) -0.3424226808222062
(111|181) -0.8195439355418687
(111|182) 0.7367585652254186
(111|183) -0.3424226808222062
(111|193) -0.2455126678141498
(112|16) -0.6434526764861874
(112|19) -0.3424226808222062
(112|36) -0.46736141743050624
(112|49) -0.3424226808222062
(112|61) 0.35654732351381263
(112|62) -0.3424226808222062
(112|63) -0.6434526764861874
(112|86) -0.3424226808222062
(112|88) 0.2596373105057561
(112|99) -0.8195439355418687
(112|184) -0.3424226808222062
(113|24) -0.3424226808222062
(113|72) -0.3424226808222062
(113|113) -0.3424226808222062
(113|120) -0.3424226808222062
(113|132) -0.3424226808222062
(113|144) -0.3424226808222062
(113|156) -0.3424226808222062
(113|168) -0.3424226808222062
(113|182) -0.3424226808222062
(113|193) -0.3424226808222062
(120|14) -0.5642714304385626
(120|16) -0.37045140442244984
(120|17) 0.2703611758975292
(120|18) 0.3309932190414244
(120|64) 0.4109049858364052
(120|65) -0.27547589119159305
(120|88) 0.31078983295313745
(120|97) 0.4814860601221126
(120|100) 0.5326385825694938
(120|101) -0.3424226808222062
(120|102) -0.3424226808222062
(120|113) -0.3424226808222062
(120|133) -0.3424226808222062
(120|181) 0.2596373105057561
(120|186) -0.5185139398778875
(120|196) 0.43572856956143746
(121|0) -0.6434526764861874
(121|16) -0.3424226808222062
(121|62) -0.3424226808222062
(121|72) -0.9444826721501687
(121|87) -0.9444826721501687
(121|108) -0.3424226808222062
(121|121) -0.9444826721501687
(121|132) -0.3424226808222062
(121|144) -0.9444826721501687
(121|156) -0.9444826721501687
(121|168) -0.9444826721501687
(121|193) -0.8195439355418687
(132|14) -0.5642714304385626
(132|16) -0.3424226808222062
(132|17) 0.2596373105057561
(132|18) 0.3309932190414244
(132|64) 0.4109049858364052
(132|65) -0.27547589119159305
(132|88) 0.31078983295313745
(132|97) 0.4814860601221126
(132|100) 0.5606673061697374
(132|101) -0.39357520326958756
(132|102) -0.3424226808222062
(132|113) -0.3424226808222062
(132|121) -0.3424226808222062
(132|181) 0.2596373105057561
(132|186) -0.5185139398778875
(132|196) 0.4109049858364052
(133|1) -0.6434526764861874
(133|17) -0.3424226808222062
(133|24) -0.9444826721501687
(133|37) -0.9444826721501687
(133|48) -0.9444826721501687
(133|63) -0.6434526764861874
(133|72) -0.9444826721501687
(133|87) -0.9444826721501687
(133|98) -0.8195439355418687
(133|108) -0.3424226808222062
(133|120) -0.3424226808222062
(133|133) -0.9444826721501687
(133|144) -0.9444826721501687
(133|156) -0.9444826721501687
(133|168) -0.9444826721501687
(133|184) -0.8195439355418687
(144|14) -0.6434526764861874
(144|16) -0.36875161954455543
(144|18) 0.3176292574834429
(144|64) 0.4109049858364052
(144|65) -0.27547589119159305
(144|87) -0.26023592463485623
(144|88) 0.31078983295313745
(144|97) 0.4814860601221126
(144|100) 0.5606673061697374
(144|101) -0.39357520326958756
(144|102) -0.3424226808222062
(144|113) -0.3424226808222062
(144|121) -0.9444826721501687
(144|133) -0.9444826721501687
(144|181) 0.2596373105057561
(144|186) -0.6434526764861874
(144|196) 0.4109049858364052
(156|14) -0.6434526764861874
(156|16) -0.36875161954455543
(156|18) 0.3309932190414244
(156|64) 0.4109049858364052
(156|65) -0.27547589119159305
(156|87) -0.24551266781414988
(156|88) 0.31078983295313745
(156|97) 0.4814860601221126
(156|100) 0.5606673061697374
(156|101) -0.39357520326958756
(156|102) -0.3424226808222062
(156|113) -0.3424226808222062
(156|121) -0.9444826721501687
(156|133) -0.9444826721501687
(156|181) 0.2596373105057561
(156|186) -0.6434526764861874
(156|196) 0.43572856956143746
(168|14) -0.6434526764861874
(168|16) -0.36875161954455543
(168|18) 0.3309932190414244
(168|64) 0.4109049858364052
(168|65) -0.27547589119159305
(168|87) -0.24551266781414988
(168|88) 0.31078983295313745
(168|97) 0.4814860601221126
(168|100) 0.5606673061697374
(168|101) -0.39357520326958756
(168|102) -0.3424226808222062
(168|113) -0.3424226808222062
(168|121) -0.9444826721501687
(168|133) -0.9444826721501687
(168|181) 0.2596373105057561
(168|186) -0.6434526764861874
(168|196) 0.43572856956143746
(180|111) -0.3424226808222062
(181|0) 0.2596373105057561
(181|1) 0.2596373105057561
(181|16) -0.9444826721501687
(181|24) 0.4814860601221126
(181|36) 0.35654732351381263
(181|48) 0.38457604711405613
(181|49) 0.2596373105057561
(181|61) 0.2596373105057561
(181|62) 0.2596373105057561
(181|63) 0.43572856956143735
(181|64) 0.35654732351381263
(181|73) 0.5026753591920505
(181|86) 0.7367585652254186
(181|99) -0.3424226808222062
(181|108) 0.35654732351381263
(181|110) 0.5026753591920505
(181|111) -0.8195439355418687
(181|120) 0.2596373105057561
(181|132) 0.2596373105057561
(181|144) 0.2596373105057561
(181|156) 0.2596373105057561
(181|168) 0.2596373105057561
(181|181) 0.2596373105057561
(181|196) 0.35654732351381263
(182|1) -0.26324143477458145
(182|14) -0.3424226808222062
(182|16) -0.6434526764861874
(182|17) 0.35654732351381263
(182|25) -0.6434526764861874
(182|49) -0.5185139398778875
(182|61) 0.32658410013636935
(182|62) -0.4393326938302627
(182|65) -0.6434526764861874
(182|73) -0.8195439355418687
(182|87) -0.8195439355418687
(182|97) -0.3424226808222062
(182|98) 0.2596373105057561
(182|100) 0.5026753591920505
(182|110) -0.7103994661168007
(182|111) 0.7367585652254186
(182|113) -0.3424226808222062
(182|192) 0.2596373105057561
(182|193) -0.46736141743050624
(183|0) 0.3565473235138125
(183|1) -0.421603926869831
(183|14) -0.3424226808222062
(183|17) 0.43572856956143735
(183|18) 0.5606673061697374
(183|25) 0.5606673061697374
(183|49) 0.43572856956143735
(183|62) 0.2596373105057561
(183|63) -0.3424226808222062
(183|65) 0.2596373105057561
(183|73) 0.35654732351381263
(183|99) -0.3424226808222062
(183|108) -0.3424226808222062
(183|109) 0.5026753591920505
(183|110) 0.43572856956143735
(183|111) -0.3424226808222062
(183|192) -0.3424226808222062
(183|193) 0.35654732351381263
(183|196) 0.31078983295313745
(183|198) -0.3424226808222062
(184|1) -0.3424226808222062
(184|16) -0.3424226808222062
(184|18) 0.35654732351381263
(184|61) -0.2966651902615311
(184|62) -0.3424226808222062
(184|63) -0.5185139398778875
(184|65) -0.3424226808222062
(184|86) -0.26324143477458145
(184|87) -0.3424226808222062
(184|101) -0.6434526764861874
(184|109) -0.2455126678141498
(184|112) -0.3424226808222062
(184|133) -0.8195439355418687
(184|192) -0.6434526764861874
(184|193) -0.3424226808222062
(185|17) 0.2596373105057561
(185|37) 0.2596373105057561
(185|48) 0.2596373105057561
(185|49) -0.3424226808222062
(185|63) -0.3424226808222062
(185|64) -0.3424226808222062
(186|0) -0.6434526764861874
(186|17) -0.3424226808222062
(186|24) -0.6434526764861874
(186|37) -0.5185139398778875
(186|48) -0.8195439355418687
(186|62) -0.3424226808222062
(186|63) -0.3424226808222062
(186|72) -0.6434526764861874
(186|87) -0.8195439355418687
(186|120) -0.5185139398778875
(186|132) -0.5185139398778875
(186|144) -0.6434526764861874
(186|156) -0.6434526764861874
(186|168) -0.6434526764861874
(186|186) -0.6434526764861874
(186|193) -0.3424226808222062
(186|194) -0.6434526764861874
(192|14) -0.8195439355418687
(192|25) -0.3424226808222062
(192|61) 0.35654732351381263
(192|63) -0.6434526764861874
(192|87) -0.46736141743050624
(192|98) -0.2455126678141498
(192|110) -0.3424226808222062
(192|182) 0.2596373105057561
(192|183) -0.3424226808222062
(192|184) -0.6434526764861874
(193|1) -0.2455126678141498
(193|14) -0.8195439355418687
(193|16) -0.34242268082220617
(193|25) -0.4393326938302627
(193|37) -0.26987201367359454
(193|49) -0.3424226808222062
(193|50) -0.3424226808222062
(193|63) -0.6434526764861874
(193|86) -0.3424226808222062
(193|87) -0.3881801713828814
(193|88) 0.6575773191777938
(193|97) -0.3424226808222062
(193|98) 0.2596373105057561
(193|99) -0.26324143477458145
(193|100) 0.2596373105057561
(193|101) -0.4393326938302627
(193|102) -0.5185139398778875
(193|108) 0.35654732351381263
(193|109) -0.3424226808222062
(193|111) -0.2455126678141498
(193|113) -0.3424226808222062
(193|121) -0.8195439355418687
(193|182) -0.46736141743050624
(193|183) 0.35654732351381263
(193|184) -0.3424226808222062
(193|186) -0.3424226808222062
(194|16) -0.7403626894942439
(194|63) 0.43572856956143735
(194|64) -0.3424226808222062
(194|73) 0.2596373105057561
(194|86) -0.2844307338445195
(194|88) 0.32658410013636935
(194|100) 0.35654732351381263
(194|101) -0.5185139398778875
(194|109) -0.2455126678141498
(194|110) 0.35654732351381263
(194|186) -0.6434526764861874
(195|0) 0.35654732351381263
(195|1) -0.5185139398778875
(195|17) -0.3424226808222062
(195|19) -0.3424226808222062
(195|24) -0.2455126678141498
(195|36) 0.2596373105057561
(195|37) -0.3424226808222062
(195|63) -0.3424226808222062
(195|87) -0.5185139398778875
(195|88) -0.3424226808222062
(195|97) 0.2596373105057561
(195|99) -0.3424226808222062
(195|110) 0.35654732351381263
(196|16) -0.3424226808222062
(196|19) -0.3424226808222062
(196|24) 0.38457604711405613
(196|61) 0.2596373105057561
(196|62) 0.2596373105057561
(196|64) 0.2596373105057561
(196|72) 0.4109049858364052
(196|87) 0.35654732351381263
(196|98) 0.6575773191777938
(196|108) -0.6434526764861874
(196|109) 0.2596373105057561
(196|120) 0.43572856956143746
(196|132) 0.4109049858364052
(196|144) 0.4109049858364052
(196|156) 0.43572856956143746
(196|168) 0.43572856956143746
(196|181) 0.35654732351381263
(196|183) 0.31078983295313745
(196|196) 0.43572856956143746
(197|0) 0.43572856956143735
(197|1) -0.3424226808222062
(197|19) -0.6434526764861874
(197|36) 0.35654732351381263
(197|48) 0.35654732351381263
(197|65) -0.3424226808222062
(197|88) -0.3424226808222062
(197|98) 0.2596373105057561
(197|109) -0.6434526764861874
(198|0) 0.2596373105057561
(198|1) -0.3424226808222062
(198|65) -0.3424226808222062
(198|86) 0.2596373105057561
(198|99) -0.3424226808222062
(198|183) -0.3424226808222062
