(0|25) -0.29003461136251807
(0|48) 0.34198860334288755
(0|49) -0.29003461136251807
(0|63) 0.9274493328513883
(0|65) -0.5910646070264992
(0|182) 0.48811663902112556
(0|183) -0.36921585741014284
(0|192) -0.29003461136251807
(1|25) -0.41497334797081803
(1|63) -0.5118833609788743
(1|88) -0.4149733479708179
(1|99) -0.3357921019231931
(1|100) -0.41497334797081803
(1|108) -0.41497334797081803
(1|110) -0.29003461136251807
(1|181) -0.29003461136251807
(1|182) -0.7160033436347992
(1|192) -0.41497334797081803
(14|14) 0.3631779024128257
(14|48) 0.3631779024128257
(14|72) 0.3631779024128257
(14|120) 0.3631779024128257
(14|132) 0.3631779024128257
(14|144) 0.3631779024128257
(14|156) 0.3631779024128257
(14|168) 0.3631779024128257
(16|49) -0.5910646070264992
(16|62) -0.3357921019231931
(16|72) 0.3631779024128257
(16|86) -0.5910646070264992
(16|87) 0.3631779024128257
(16|100) -0.5910646070264992
(16|111) -0.41497334797081803
(16|183) -0.29003461136251807
(17|25) -0.29003461136251807
(17|48) 0.4881166390211256
(17|49) -0.5910646070264992
(17|50) -0.5910646070264992
(17|87) 0.585026652029182
(17|98) 0.3631779024128257
(17|110) -0.8129133566428556
(17|182) -0.29003461136251807
(17|194) 0.7311546877074201
(17|197) -0.5910646070264992
(18|50) -0.3357921019231931
(18|61) -0.7160033436347992
(18|63) 0.6642078980768069
(18|64) -0.41497334797081803
(18|87) -0.5910646070264992
(18|97) -0.5910646070264992
(18|108) -0.41497334797081803
(18|109) 0.6642078980768069
(18|110) -0.41497334797081803
(18|111) -0.41497334797081803
(18|182) 0.48811663902112556
(18|183) -0.41497334797081803
(18|184) -0.5910646070264992
(19|36) 0.3631779024128257
(19|88) -0.41497334797081803
(19|184) 0.3631779024128257
(20|20) -0.41497334797081803
(20|24) -0.41497334797081803
(20|37) -0.41497334797081803
(20|72) -0.41497334797081803
(20|120) -0.41497334797081803
(20|132) -0.41497334797081803
(20|144) -0.41497334797081803
(20|156) -0.41497334797081803
(20|168) -0.41497334797081803
(24|20) -0.41497334797081803
(24|50) -0.3569814009931312
(24|65) -0.41497334797081803
(24|111) 0.3631779024128256
(25|0) -0.29003461136251807
(25|1) -0.41497334797081803
(25|17) -0.29003461136251807
(25|25) -0.3357921019231931
(25|36) -0.3357921019231931
(25|63) 0.3631779024128257
(25|72) -0.3357921019231931
(25|87) -0.41497334797081803
(25|88) -0.29003461136251807
(25|120) -0.3357921019231931
(25|132) -0.3357921019231931
(25|144) -0.3357921019231931
(25|156) -0.3357921019231931
(25|168) -0.3357921019231931
(25|184) -0.41497334797081803
(25|194) 0.3631779024128257
(36|19) 0.3631779024128257
(36|25) -0.3357921019231931
(36|49) -0.29003461136251807
(36|63) 0.7311546877074201
(36|100) -0.5910646070264992
(36|108) -0.7160033436347992
(36|111) 0.3631779024128257
(36|181) 0.48811663902112556
(36|182) 0.585026652029182
(36|183) -0.29003461136251807
(36|192) -0.41497334797081803
(36|193) 0.3631779024128257
(36|194) 0.5392691614685069
(36|197) -0.41497334797081803
(37|20) -0.41497334797081803
(37|50) -0.8129133566428556
(37|64) 0.3631779024128257
(37|97) -0.3357921019231931
(37|110) -0.3569814009931312
(37|192) -0.29003461136251807
(48|0) 0.34198860334288755
(48|14) 0.3631779024128257
(48|17) 0.4881166390211256
(48|65) -0.7160033436347992
(48|86) 0.3631779024128256
(48|100) -0.29003461136251807
(48|111) 0.8402991571324882
(48|193) 0.48811663902112556
(49|0) -0.29003461136251807
(49|16) -0.5910646070264992
(49|17) -0.5910646070264992
(49|36) -0.29003461136251807
(49|62) -0.7160033436347992
(49|86) -0.5910646070264992
(49|88) -0.7160033436347992
(49|99) -0.5910646070264992
(49|100) -0.41497334797081803
(49|110) -0.5910646070264992
(49|111) -0.41497334797081803
(49|182) -0.41497334797081803
(49|193) -0.41497334797081803
(50|17) -0.5910646070264992
(50|18) -0.3357921019231931
(50|24) -0.3569814009931312
(50|37) -0.8129133566428556
(50|50) -0.41497334797081803
(50|72) -0.41497334797081803
(50|87) -0.41497334797081803
(50|88) -0.41497334797081803
(50|97) -0.7160033436347992
(50|109) 0.3631779024128257
(50|110) -0.7160033436347992
(50|120) -0.3569814009931312
(50|132) -0.41497334797081803
(50|144) -0.41497334797081803
(50|156) -0.41497334797081803
(50|168) -0.41497334797081803
(50|183) -0.7160033436347992
(50|184) -0.7160033436347992
(50|193) -0.41497334797081803
(50|194) -0.41497334797081803
(61|18) -0.7160033436347992
(61|86) 0.3631779024128257
(61|87) -0.4149733479708179
(61|183) -0.5118833609788743
(61|192) -0.5910646070264992
(61|193) 0.48811663902112556
(62|16) -0.3357921019231931
(62|49) -0.7160033436347992
(62|86) -0.29003461136251807
(62|87) 0.585026652029182
(62|88) -0.7160033436347992
(62|99) -0.41497334797081803
(62|111) -0.41497334797081803
(62|182) -0.41497334797081803
(62|183) -0.29003461136251807
(63|0) 0.9274493328513883
(63|1) -0.5118833609788743
(63|18) 0.6642078980768069
(63|25) 0.3631779024128257
(63|36) 0.7311546877074201
(63|98) 0.6642078980768069
(63|109) 0.3631779024128257
(63|110) -0.5910646070264992
(63|183) 0.3631779024128257
(63|193) 0.48811663902112556
(63|194) 0.585026652029182
(64|18) -0.41497334797081803
(64|37) 0.3631779024128257
(64|88) 0.48811663902112556
(64|108) 0.3631779024128257
(65|0) -0.5910646070264992
(65|24) -0.41497334797081803
(65|48) -0.7160033436347992
(65|65) -0.7160033436347992
(65|72) -0.7160033436347992
(65|88) -0.41497334797081803
(65|98) -0.41497334797081803
(65|120) -0.7160033436347992
(65|132) -0.7160033436347992
(65|144) -0.7160033436347992
(65|156) -0.7160033436347992
(65|168) -0.7160033436347992
(72|14) 0.3631779024128257
(72|16) 0.3631779024128257
(72|20) -0.41497334797081803
(72|25) -0.3357921019231931
(72|50) -0.41497334797081803
(72|65) -0.7160033436347992
(72|181) 0.6642078980768069
(86|16) -0.5910646070264992
(86|48) 0.3631779024128256
(86|49) -0.5910646070264992
(86|61) 0.3631779024128257
(86|62) -0.29003461136251807
(86|98) 0.3631779024128257
(86|99) 0.3631779024128257
(86|100) -0.41497334797081803
(86|110) 0.3631779024128257
(86|111) -0.41497334797081803
(86|183) -0.5910646070264992
(86|192) -0.41497334797081803
(86|193) 0.48811663902112556
(86|194) 0.3631779024128257
(87|16) 0.3631779024128257
(87|17) 0.585026652029182
(87|18) -0.5910646070264992
(87|25) -0.41497334797081803
(87|50) -0.41497334797081803
(87|61) -0.4149733479708179
(87|62) 0.585026652029182
(87|99) -0.29003461136251807
(87|108) -0.5910646070264992
(87|182) -0.41497334797081803
(87|183) -0.29003461136251807
(87|192) -0.29003461136251807
(88|1) -0.4149733479708179
(88|19) -0.41497334797081803
(88|25) -0.29003461136251807
(88|49) -0.7160033436347992
(88|50) -0.41497334797081803
(88|62) -0.7160033436347992
(88|64) 0.48811663902112556
(88|65) -0.41497334797081803
(88|110) -0.8920946026904805
(88|195) -0.41497334797081803
(97|18) -0.5910646070264992
(97|37) -0.3357921019231931
(97|50) -0.7160033436347992
(97|108) 0.3631779024128257
(97|110) -0.5910646070264992
(97|181) 0.3631779024128257
(97|183) -0.41497334797081803
(98|17) 0.3631779024128257
(98|63) 0.6642078980768069
(98|65) -0.41497334797081803
(98|86) 0.3631779024128257
(98|108) -0.41497334797081803
(98|109) 0.4301246920434389
(98|110) -0.29003461136251807
(98|182) 0.585026652029182
(98|184) 0.3631779024128257
(98|193) 0.3631779024128257
(98|197) -0.41497334797081803
(99|1) -0.3357921019231931
(99|49) -0.5910646070264992
(99|62) -0.41497334797081803
(99|86) 0.3631779024128257
(99|87) -0.29003461136251807
(99|108) -0.41497334797081803
(99|110) -0.29003461136251807
(99|182) -0.3357921019231931
(99|194) 0.48811663902112556
(100|1) -0.41497334797081803
(100|16) -0.5910646070264992
(100|36) -0.5910646070264992
(100|48) -0.29003461136251807
(100|49) -0.41497334797081803
(100|86) -0.41497334797081803
(100|111) -0.5910646070264992
(100|184) 0.3631779024128257
(108|1) -0.41497334797081803
(108|18) -0.41497334797081803
(108|36) -0.7160033436347992
(108|64) 0.3631779024128257
(108|87) -0.5910646070264992
(108|97) 0.3631779024128257
(108|98) -0.41497334797081803
(108|99) -0.41497334797081803
(108|183) -0.5910646070264992
(108|194) -0.41497334797081803
(109|18) 0.6642078980768069
(109|50) 0.3631779024128257
(109|63) 0.3631779024128257
(109|98) 0.4301246920434389
(109|182) 0.4301246920434389
(109|183) -0.41497334797081803
(109|194) 0.7311546877074201
(109|195) 0.3631779024128257
(110|1) -0.29003461136251807
(110|17) -0.8129133566428556
(110|18) -0.41497334797081803
(110|37) -0.3569814009931312
(110|49) -0.5910646070264992
(110|50) -0.7160033436347992
(110|63) -0.5910646070264992
(110|86) 0.3631779024128257
(110|88) -0.8920946026904805
(110|97) -0.5910646070264992
(110|98) -0.29003461136251807
(110|99) -0.29003461136251807
(110|110) -0.26884531229257985
(110|120) -0.26884531229257985
(110|132) -0.26884531229257985
(110|144) -0.26884531229257985
(110|156) -0.26884531229257985
(110|168) -0.26884531229257985
(110|182) -0.29003461136251807
(110|184) -0.29003461136251807
(110|193) -0.29003461136251807
(111|16) -0.41497334797081803
(111|18) -0.41497334797081803
(111|24) 0.3631779024128256
(111|36) 0.3631779024128257
(111|48) 0.8402991571324882
(111|49) -0.41497334797081803
(111|62) -0.41497334797081803
(111|86) -0.41497334797081803
(111|100) -0.5910646070264992
(111|193) 0.48811663902112556
(111|194) 0.6642078980768069
(120|14) 0.3631779024128257
(120|20) -0.41497334797081803
(120|25) -0.3357921019231931
(120|50) -0.3569814009931312
(120|65) -0.7160033436347992
(120|110) -0.26884531229257985
(132|14) 0.3631779024128257
(132|20) -0.41497334797081803
(132|25) -0.3357921019231931
(132|50) -0.41497334797081803
(132|65) -0.7160033436347992
(132|110) -0.26884531229257985
(132|192) -0.3357921019231931
(144|14) 0.3631779024128257
(144|20) -0.41497334797081803
(144|25) -0.3357921019231931
(144|50) -0.41497334797081803
(144|65) -0.7160033436347992
(144|110) -0.26884531229257985
(144|192) -0.3357921019231931
(156|14) 0.3631779024128257
(156|20) -0.41497334797081803
(156|25) -0.3357921019231931
(156|50) -0.41497334797081803
(156|65) -0.7160033436347992
(156|110) -0.26884531229257985
(156|192) -0.3357921019231931
(168|14) 0.3631779024128257
(168|20) -0.41497334797081803
(168|25) -0.3357921019231931
(168|50) -0.41497334797081803
(168|65) -0.7160033436347992
(168|110) -0.26884531229257985
(168|192) -0.3357921019231931
(181|1) -0.29003461136251807
(181|36) 0.48811663902112556
(181|72) 0.6642078980768069
(181|97) 0.3631779024128257
(181|194) 0.3631779024128257
(182|0) 0.48811663902112556
(182|1) -0.7160033436347992
(182|17) -0.29003461136251807
(182|18) 0.48811663902112556
(182|36) 0.585026652029182
(182|49) -0.41497334797081803
(182|62) -0.41497334797081803
(182|87) -0.41497334797081803
(182|98) 0.585026652029182
(182|99) -0.3357921019231931
(182|109) 0.4301246920434389
(182|110) -0.29003461136251807
(182|194) 0.48811663902112556
(183|0) -0.36921585741014284
(183|16) -0.29003461136251807
(183|18) -0.41497334797081803
(183|36) -0.29003461136251807
(183|50) -0.7160033436347992
(183|61) -0.5118833609788743
(183|62) -0.29003461136251807
(183|63) 0.3631779024128257
(183|86) -0.5910646070264992
(183|87) -0.29003461136251807
(183|97) -0.41497334797081803
(183|108) -0.5910646070264992
(183|109) -0.41497334797081803
(183|192) -0.41497334797081803
(184|18) -0.5910646070264992
(184|19) 0.3631779024128257
(184|25) -0.41497334797081803
(184|50) -0.7160033436347992
(184|98) 0.3631779024128257
(184|100) 0.3631779024128257
(184|110) -0.29003461136251807
(192|0) -0.29003461136251807
(192|1) -0.41497334797081803
(192|36) -0.41497334797081803
(192|37) -0.29003461136251807
(192|61) -0.5910646070264992
(192|86) -0.41497334797081803
(192|87) -0.29003461136251807
(192|132) -0.3357921019231931
(192|144) -0.3357921019231931
(192|156) -0.3357921019231931
(192|168) -0.3357921019231931
(192|183) -0.41497334797081803
(192|192) -0.3357921019231931
(193|36) 0.3631779024128257
(193|48) 0.48811663902112556
(193|49) -0.41497334797081803
(193|50) -0.41497334797081803
(193|61) 0.48811663902112556
(193|63) 0.48811663902112556
(193|86) 0.48811663902112556
(193|98) 0.3631779024128257
(193|110) -0.29003461136251807
(193|111) 0.48811663902112556
(194|17) 0.7311546877074201
(194|25) 0.3631779024128257
(194|36) 0.5392691614685069
(194|50) -0.41497334797081803
(194|63) 0.585026652029182
(194|86) 0.3631779024128257
(194|99) 0.48811663902112556
(194|108) -0.41497334797081803
(194|109) 0.7311546877074201
(194|111) 0.6642078980768069
(194|181) 0.3631779024128257
(194|182) 0.48811663902112556
(195|88) -0.41497334797081803
(195|109) 0.3631779024128257
(197|17) -0.5910646070264992
(197|36) -0.41497334797081803
(197|98) -0.41497334797081803
