(0|14) -0.18293068358598671
(0|16) -0.3590219426416679
(0|17) 0.1850461017086077
(0|19) 0.29419057113367575
(0|25) -0.7849906749139491
(0|60) -0.18293068358598671
(0|86) 0.24303804868629444
(0|87) -0.42596873227228116
(0|88) 0.1850461017086077
(0|97) 0.3813407468525759
(0|109) 0.3813407468525759
(0|110) -0.18293068358598671
(0|111) -0.18293068358598671
(0|182) 0.29419057113367575
(0|183) -0.2798406965940431
(0|186) -0.7849906749139491
(0|192) 0.5160393207500321
(0|193) -0.18293068358598671
(0|194) 0.5952205667976569
(0|195) -0.40477943320234305
(0|197) -0.6600519383056491
(1|18) -0.4839606792499679
(1|24) -0.18293068358598671
(1|37) -0.18293068358598671
(1|48) -0.18293068358598671
(1|73) -0.4839606792499679
(1|87) -0.4839606792499679
(1|97) -0.3590219426416679
(1|98) -0.18293068358598671
(1|109) -0.4839606792499679
(1|111) -0.18293068358598671
(1|192) -0.18293068358598671
(1|196) -0.18293068358598671
(1|198) -0.18293068358598671
(14|0) -0.18293068358598671
(14|14) -0.18293068358598671
(14|24) -0.18293068358598671
(14|120) -0.18293068358598671
(14|132) -0.18293068358598671
(14|144) -0.18293068358598671
(14|156) -0.18293068358598671
(14|168) -0.18293068358598671
(16|0) -0.3590219426416679
(16|16) -0.18293068358598671
(16|36) -0.4839606792499679
(16|48) -0.18293068358598671
(16|61) -0.18293068358598671
(16|64) -0.18293068358598671
(16|87) -0.7849906749139491
(16|97) -0.4839606792499679
(16|110) -0.18293068358598671
(16|120) -0.18293068358598671
(16|132) -0.18293068358598671
(16|144) -0.18293068358598671
(16|156) -0.18293068358598671
(16|168) -0.18293068358598671
(16|184) -0.18293068358598671
(16|192) -0.18293068358598671
(16|196) -0.18293068358598671
(17|0) 0.1850461017086077
(17|24) 0.39110058414173215
(17|25) -0.6600519383056491
(17|37) 0.3399480616943509
(17|48) 0.19728055812561937
(17|63) -0.18293068358598671
(17|66) -0.18293068358598671
(17|86) 0.5952205667976569
(17|87) -0.6600519383056491
(17|88) 0.29419057113367575
(17|98) 0.6621673564282701
(17|108) -0.4839606792499679
(17|109) 0.29419057113367575
(17|111) 0.4191293077419757
(17|183) -0.3590219426416679
(17|184) 0.8170693164140133
(17|194) 0.5160393207500321
(18|1) -0.4839606792499679
(18|18) -0.18293068358598671
(18|24) -0.2498774732165999
(18|37) -0.7849906749139491
(18|48) -0.40477943320234305
(18|49) -0.18293068358598671
(18|62) -0.4839606792499679
(18|72) -0.11598389395537351
(18|86) -0.18293068358598671
(18|88) -0.30786942019428665
(18|97) 0.4191293077419757
(18|98) -0.1763801375844011
(18|108) 0.29419057113367575
(18|110) -0.18293068358598671
(18|111) -0.13201038766112982
(18|120) -0.18293068358598671
(18|132) -0.18293068358598671
(18|144) -0.18293068358598671
(18|156) -0.18293068358598671
(18|168) -0.18293068358598671
(18|181) -0.18293068358598671
(18|183) -0.18293068358598671
(18|184) -0.15699813498278983
(18|186) -0.18293068358598671
(18|195) -0.18293068358598671
(18|197) -0.18293068358598671
(18|198) -0.18293068358598671
(19|0) 0.29419057113367575
(19|87) -0.18293068358598671
(19|109) -0.18293068358598671
(19|168) 0.29419057113367575
(24|1) -0.18293068358598671
(24|14) -0.18293068358598671
(24|17) 0.39110058414173215
(24|18) -0.2498774732165999
(24|49) 0.36113736076428893
(24|50) 0.29419057113367575
(24|60) -0.18293068358598671
(24|62) -0.18293068358598671
(24|63) 0.29419057113367575
(24|73) -0.18293068358598671
(24|87) -0.3590219426416679
(24|88) 0.2150093250860509
(24|97) 0.3289526773928877
(24|109) 0.5574320059082571
(24|110) -0.11598389395537351
(24|181) -0.18293068358598671
(24|182) 0.29419057113367575
(24|185) 0.6621673564282701
(24|186) -0.4839606792499679
(24|192) 0.2150093250860509
(24|193) -0.18293068358598671
(24|194) 0.24303804868629444
(24|195) -0.40477943320234305
(24|196) 0.4191293077419757
(24|197) -0.6600519383056491
(24|198) 0.29419057113367575
(25|0) -0.7849906749139491
(25|17) -0.6600519383056491
(25|25) -0.4839606792499679
(25|36) -0.4839606792499679
(25|48) -0.18293068358598671
(25|50) -0.18293068358598671
(25|72) -0.4839606792499679
(25|87) -0.6600519383056491
(25|88) -0.18293068358598671
(25|109) -0.6600519383056491
(25|120) -0.4839606792499679
(25|132) -0.4839606792499679
(25|144) -0.4839606792499679
(25|156) -0.4839606792499679
(25|168) -0.4839606792499679
(25|184) -0.18293068358598671
(25|196) -0.13201038766112982
(36|16) -0.4839606792499679
(36|25) -0.4839606792499679
(36|48) -0.18293068358598671
(36|62) 0.29419057113367575
(36|63) -0.18293068358598671
(36|64) -0.18293068358598671
(36|73) -0.18293068358598671
(36|86) -0.18293068358598671
(36|87) -0.5808706922580243
(36|88) 0.3399480616943509
(36|97) 0.29419057113367575
(36|98) -0.18293068358598671
(36|99) -0.18293068358598671
(36|110) -0.30786942019428665
(36|111) -0.18293068358598671
(36|182) -0.18293068358598671
(36|183) -0.3590219426416679
(36|186) -0.4839606792499679
(36|194) 0.29419057113367575
(36|196) -0.18293068358598671
(36|197) -0.18293068358598671
(36|198) -0.18293068358598671
(37|1) -0.18293068358598671
(37|17) 0.3399480616943509
(37|18) -0.7849906749139491
(37|60) -0.18293068358598671
(37|62) -0.6600519383056491
(37|66) -0.18293068358598671
(37|73) -0.18293068358598671
(37|86) 0.29419057113367575
(37|87) -0.30786942019428665
(37|100) -0.3590219426416679
(37|109) 0.29419057113367575
(37|111) -0.18293068358598671
(37|181) -0.4839606792499679
(37|184) 0.1850461017086077
(37|185) 0.4191293077419757
(37|194) 0.29419057113367575
(37|195) -0.7849906749139491
(37|196) 0.4191293077419757
(48|1) -0.18293068358598671
(48|16) -0.18293068358598671
(48|17) 0.19728055812561937
(48|18) -0.40477943320234305
(48|25) -0.18293068358598671
(48|36) -0.18293068358598671
(48|62) -0.30786942019428665
(48|63) -0.18293068358598671
(48|66) -0.18293068358598671
(48|73) -0.4839606792499679
(48|86) 0.2150093250860509
(48|87) -0.6600519383056491
(48|98) -0.11598389395537351
(48|99) 0.29419057113367575
(48|100) -0.18293068358598671
(48|109) 0.29419057113367575
(48|110) -0.18293068358598671
(48|111) -0.30786942019428665
(48|181) -0.18293068358598671
(48|183) -0.18293068358598671
(48|185) 0.29419057113367575
(48|192) 0.4191293077419757
(48|193) -0.18293068358598671
(48|194) 0.29419057113367575
(48|195) -0.4839606792499679
(48|197) -0.13201038766112982
(48|198) -0.18293068358598671
(49|18) -0.18293068358598671
(49|24) 0.36113736076428893
(49|60) -0.18293068358598671
(49|61) 0.29419057113367575
(49|64) -0.18293068358598671
(49|86) -0.18293068358598671
(49|98) -0.18293068358598671
(49|108) -0.18293068358598671
(49|111) -0.18293068358598671
(49|183) -0.18293068358598671
(49|195) -0.18293068358598671
(49|196) -0.18293068358598671
(49|198) -0.18293068358598671
(50|24) 0.29419057113367575
(50|25) -0.18293068358598671
(50|87) -0.4839606792499679
(50|99) -0.18293068358598671
(50|109) -0.18293068358598671
(50|186) -0.18293068358598671
(50|196) -0.18293068358598671
(60|0) -0.18293068358598671
(60|24) -0.18293068358598671
(60|37) -0.18293068358598671
(60|49) -0.18293068358598671
(60|60) -0.18293068358598671
(60|72) -0.18293068358598671
(60|100) -0.18293068358598671
(60|111) -0.18293068358598671
(60|120) -0.18293068358598671
(60|132) -0.18293068358598671
(60|144) -0.18293068358598671
(60|156) -0.18293068358598671
(60|168) -0.18293068358598671
(60|184) -0.18293068358598671
(60|192) -0.18293068358598671
(61|16) -0.18293068358598671
(61|49) 0.29419057113367575
(61|73) -0.4839606792499679
(61|86) 0.29419057113367575
(61|87) -0.40477943320234305
(61|97) 0.29419057113367575
(61|99) 0.2150093250860509
(61|100) -0.18293068358598671
(61|108) -0.18293068358598671
(61|109) 0.29419057113367575
(61|181) -0.18293068358598671
(61|182) 0.29419057113367575
(61|183) -0.18293068358598671
(61|186) -0.13201038766112982
(61|192) 0.29419057113367575
(61|194) 0.36113736076428893
(61|195) -0.4839606792499679
(61|197) -0.18293068358598671
(61|198) -0.18293068358598671
(62|18) -0.4839606792499679
(62|24) -0.18293068358598671
(62|36) 0.29419057113367575
(62|37) -0.6600519383056491
(62|48) -0.30786942019428665
(62|62) -0.18293068358598671
(62|72) -0.30786942019428665
(62|86) -0.18293068358598671
(62|88) 0.29419057113367575
(62|97) -0.18293068358598671
(62|98) -0.3590219426416679
(62|109) -0.18293068358598671
(62|111) -0.4839606792499679
(62|120) -0.18293068358598671
(62|132) -0.18293068358598671
(62|144) -0.18293068358598671
(62|156) -0.18293068358598671
(62|184) -0.4839606792499679
(62|185) -0.18293068358598671
(62|195) -0.18293068358598671
(62|196) -0.18293068358598671
(63|17) -0.18293068358598671
(63|24) 0.29419057113367575
(63|36) -0.18293068358598671
(63|48) -0.18293068358598671
(63|86) -0.18293068358598671
(63|193) -0.18293068358598671
(63|198) -0.18293068358598671
(64|16) -0.18293068358598671
(64|36) -0.18293068358598671
(64|49) -0.18293068358598671
(64|109) -0.18293068358598671
(64|196) -0.18293068358598671
(65|109) -0.18293068358598671
(65|196) -0.18293068358598671
(66|17) -0.18293068358598671
(66|37) -0.18293068358598671
(66|48) -0.18293068358598671
(66|88) -0.18293068358598671
(66|108) -0.18293068358598671
(66|183) -0.18293068358598671
(72|18) -0.11598389395537351
(72|25) -0.4839606792499679
(72|60) -0.18293068358598671
(72|62) -0.30786942019428665
(72|87) -0.3870506662419115
(72|88) 0.1850461017086077
(72|97) 0.23204266438483126
(72|98) -0.12493873660829995
(72|99) 0.2150093250860509
(72|109) 0.19728055812561937
(72|182) 0.29419057113367575
(72|183) -0.18293068358598671
(72|185) 0.6621673564282701
(72|186) -0.7849906749139491
(72|192) 0.5160393207500321
(72|193) -0.18293068358598671
(72|194) 0.29419057113367575
(72|195) -0.40477943320234305
(72|197) -0.6600519383056491
(72|198) 0.29419057113367575
(73|1) -0.4839606792499679
(73|24) -0.18293068358598671
(73|36) -0.18293068358598671
(73|37) -0.18293068358598671
(73|48) -0.4839606792499679
(73|61) -0.4839606792499679
(73|73) -0.18293068358598671
(73|110) -0.18293068358598671
(73|120) -0.18293068358598671
(73|132) -0.18293068358598671
(73|144) -0.18293068358598671
(73|156) -0.18293068358598671
(73|168) -0.18293068358598671
(73|184) -0.18293068358598671
(73|192) -0.18293068358598671
(86|0) 0.24303804868629444
(86|17) 0.5952205667976569
(86|18) -0.18293068358598671
(86|36) -0.18293068358598671
(86|37) 0.29419057113367575
(86|48) 0.2150093250860509
(86|49) -0.18293068358598671
(86|61) 0.29419057113367575
(86|62) -0.18293068358598671
(86|63) -0.18293068358598671
(86|97) 0.6621673564282701
(86|98) -0.18293068358598671
(86|108) -0.18293068358598671
(86|109) 0.29419057113367575
(86|110) 0.4191293077419757
(86|183) -0.6600519383056491
(86|193) -0.18293068358598671
(86|194) -0.18293068358598671
(86|195) -0.18293068358598671
(86|197) -0.18293068358598671
(87|0) -0.42596873227228116
(87|1) -0.4839606792499679
(87|16) -0.7849906749139491
(87|17) -0.6600519383056491
(87|19) -0.18293068358598671
(87|24) -0.3590219426416679
(87|25) -0.6600519383056491
(87|36) -0.5808706922580243
(87|37) -0.30786942019428665
(87|48) -0.6600519383056491
(87|50) -0.4839606792499679
(87|61) -0.40477943320234305
(87|72) -0.3870506662419115
(87|87) -0.43820318868929276
(87|97) -0.3590219426416679
(87|99) -0.18293068358598671
(87|100) -0.18293068358598671
(87|109) -0.6600519383056491
(87|110) -0.15699813498278983
(87|111) -0.18293068358598671
(87|120) -0.43820318868929276
(87|132) -0.43820318868929276
(87|144) -0.43820318868929276
(87|156) -0.43820318868929276
(87|168) -0.3870506662419115
(87|181) -0.4839606792499679
(87|184) -0.4839606792499679
(87|186) -0.13201038766112982
(87|192) -0.18293068358598671
(87|194) 0.29419057113367575
(87|196) -0.8819006879220055
(88|0) 0.1850461017086077
(88|17) 0.29419057113367575
(88|18) -0.30786942019428665
(88|24) 0.2150093250860509
(88|25) -0.18293068358598671
(88|36) 0.3399480616943509
(88|62) 0.29419057113367575
(88|66) -0.18293068358598671
(88|72) 0.1850461017086077
(88|98) 0.1850461017086077
(88|100) -0.18293068358598671
(88|110) 0.29419057113367575
(88|111) -0.18293068358598671
(88|192) 0.4191293077419757
(88|195) -0.3590219426416679
(88|198) -0.18293068358598671
(97|0) 0.3813407468525759
(97|1) -0.3590219426416679
(97|16) -0.4839606792499679
(97|18) 0.4191293077419757
(97|24) 0.3289526773928877
(97|36) 0.29419057113367575
(97|61) 0.29419057113367575
(97|62) -0.18293068358598671
(97|72) 0.23204266438483126
(97|86) 0.6621673564282701
(97|87) -0.3590219426416679
(97|108) 0.29419057113367575
(97|109) 0.36113736076428893
(97|110) 0.29419057113367575
(97|181) -0.18293068358598671
(97|183) -0.3590219426416679
(97|184) 0.5160393207500321
(97|194) 0.29419057113367575
(97|197) -0.18293068358598671
(97|198) 0.29419057113367575
(98|1) -0.18293068358598671
(98|17) 0.6621673564282701
(98|18) -0.1763801375844011
(98|36) -0.18293068358598671
(98|48) -0.11598389395537351
(98|49) -0.18293068358598671
(98|62) -0.3590219426416679
(98|72) -0.12493873660829995
(98|86) -0.18293068358598671
(98|88) 0.1850461017086077
(98|111) -0.3590219426416679
(98|183) -0.18293068358598671
(98|184) -0.18293068358598671
(98|185) 0.5160393207500321
(98|194) 0.29419057113367575
(98|195) -0.13201038766112982
(98|196) 0.5160393207500321
(99|36) -0.18293068358598671
(99|48) 0.29419057113367575
(99|50) -0.18293068358598671
(99|61) 0.2150093250860509
(99|72) 0.2150093250860509
(99|87) -0.18293068358598671
(99|99) 0.2150093250860509
(99|120) 0.2150093250860509
(99|132) 0.2150093250860509
(99|144) 0.2150093250860509
(99|156) 0.2150093250860509
(99|168) 0.2150093250860509
(99|194) 0.29419057113367575
(100|37) -0.3590219426416679
(100|48) -0.18293068358598671
(100|60) -0.18293068358598671
(100|61) -0.18293068358598671
(100|87) -0.18293068358598671
(100|88) -0.18293068358598671
(100|108) -0.18293068358598671
(100|111) -0.18293068358598671
(100|183) -0.18293068358598671
(100|184) -0.18293068358598671
(100|195) -0.18293068358598671
(108|17) -0.4839606792499679
(108|18) 0.29419057113367575
(108|49) -0.18293068358598671
(108|61) -0.18293068358598671
(108|66) -0.18293068358598671
(108|86) -0.18293068358598671
(108|97) 0.29419057113367575
(108|100) -0.18293068358598671
(108|108) 0.1850461017086077
(108|120) 0.1850461017086077
(108|132) 0.1850461017086077
(108|144) 0.1850461017086077
(108|156) 0.1850461017086077
(108|168) 0.1850461017086077
(108|183) -0.18293068358598671
(108|186) -0.18293068358598671
(108|195) -0.4839606792499679
(109|0) 0.3813407468525759
(109|1) -0.4839606792499679
(109|17) 0.29419057113367575
(109|19) -0.18293068358598671
(109|24) 0.5574320059082571
(109|25) -0.6600519383056491
(109|37) 0.29419057113367575
(109|48) 0.29419057113367575
(109|50) -0.18293068358598671
(109|61) 0.29419057113367575
(109|62) -0.18293068358598671
(109|64) -0.18293068358598671
(109|65) -0.18293068358598671
(109|72) 0.19728055812561937
(109|86) 0.29419057113367575
(109|87) -0.6600519383056491
(109|97) 0.36113736076428893
(109|109) 0.19728055812561937
(109|120) 0.19728055812561937
(109|132) 0.19728055812561937
(109|144) 0.19728055812561937
(109|156) 0.19728055812561937
(109|168) 0.19728055812561937
(109|185) -0.18293068358598671
(109|194) -0.18293068358598671
(110|0) -0.18293068358598671
(110|16) -0.18293068358598671
(110|18) -0.18293068358598671
(110|24) -0.11598389395537351
(110|36) -0.30786942019428665
(110|48) -0.18293068358598671
(110|73) -0.18293068358598671
(110|86) 0.4191293077419757
(110|87) -0.15699813498278983
(110|88) 0.29419057113367575
(110|97) 0.29419057113367575
(110|110) -0.11598389395537351
(110|120) -0.11598389395537351
(110|132) -0.11598389395537351
(110|144) -0.11598389395537351
(110|156) -0.11598389395537351
(110|168) -0.11598389395537351
(110|182) -0.18293068358598671
(110|183) -0.18293068358598671
(110|184) -0.18293068358598671
(110|196) -0.18293068358598671
(111|0) -0.18293068358598671
(111|1) -0.18293068358598671
(111|17) 0.4191293077419757
(111|18) -0.13201038766112982
(111|36) -0.18293068358598671
(111|37) -0.18293068358598671
(111|48) -0.30786942019428665
(111|49) -0.18293068358598671
(111|60) -0.18293068358598671
(111|62) -0.4839606792499679
(111|87) -0.18293068358598671
(111|88) -0.18293068358598671
(111|98) -0.3590219426416679
(111|100) -0.18293068358598671
(111|111) -0.18293068358598671
(111|120) -0.18293068358598671
(111|132) -0.18293068358598671
(111|144) -0.18293068358598671
(111|156) -0.18293068358598671
(111|184) -0.5808706922580243
(120|14) -0.18293068358598671
(120|16) -0.18293068358598671
(120|18) -0.18293068358598671
(120|25) -0.4839606792499679
(120|60) -0.18293068358598671
(120|62) -0.18293068358598671
(120|73) -0.18293068358598671
(120|87) -0.43820318868929276
(120|99) 0.2150093250860509
(120|108) 0.1850461017086077
(120|109) 0.19728055812561937
(120|110) -0.11598389395537351
(120|111) -0.18293068358598671
(120|181) -0.18293068358598671
(120|182) 0.29419057113367575
(120|183) -0.18293068358598671
(120|185) 0.7201593034059569
(120|186) -0.7849906749139491
(120|192) 0.29419057113367575
(120|193) -0.18293068358598671
(120|194) 0.29419057113367575
(120|195) -0.40477943320234305
(120|197) -0.6600519383056491
(132|14) -0.18293068358598671
(132|16) -0.18293068358598671
(132|18) -0.18293068358598671
(132|25) -0.4839606792499679
(132|60) -0.18293068358598671
(132|62) -0.18293068358598671
(132|73) -0.18293068358598671
(132|87) -0.43820318868929276
(132|99) 0.2150093250860509
(132|108) 0.1850461017086077
(132|109) 0.19728055812561937
(132|110) -0.11598389395537351
(132|111) -0.18293068358598671
(132|181) -0.18293068358598671
(132|182) 0.29419057113367575
(132|183) -0.18293068358598671
(132|185) 0.7201593034059569
(132|186) -0.7849906749139491
(132|192) 0.29419057113367575
(132|193) -0.18293068358598671
(132|194) 0.29419057113367575
(132|195) -0.40477943320234305
(132|197) -0.6600519383056491
(144|14) -0.18293068358598671
(144|16) -0.18293068358598671
(144|18) -0.18293068358598671
(144|25) -0.4839606792499679
(144|60) -0.18293068358598671
(144|62) -0.18293068358598671
(144|73) -0.18293068358598671
(144|87) -0.43820318868929276
(144|99) 0.2150093250860509
(144|108) 0.1850461017086077
(144|109) 0.19728055812561937
(144|110) -0.11598389395537351
(144|111) -0.18293068358598671
(144|181) -0.18293068358598671
(144|182) 0.29419057113367575
(144|183) -0.18293068358598671
(144|185) 0.7201593034059569
(144|186) -0.7849906749139491
(144|192) 0.29419057113367575
(144|193) -0.18293068358598671
(144|194) 0.29419057113367575
(144|195) -0.40477943320234305
(144|197) -0.6600519383056491
(156|14) -0.18293068358598671
(156|16) -0.18293068358598671
(156|18) -0.18293068358598671
(156|25) -0.4839606792499679
(156|60) -0.18293068358598671
(156|62) -0.18293068358598671
(156|73) -0.18293068358598671
(156|87) -0.43820318868929276
(156|99) 0.2150093250860509
(156|108) 0.1850461017086077
(156|109) 0.19728055812561937
(156|110) -0.11598389395537351
(156|111) -0.18293068358598671
(156|181) -0.18293068358598671
(156|182) 0.29419057113367575
(156|183) -0.18293068358598671
(156|185) 0.7201593034059569
(156|186) -0.7849906749139491
(156|192) 0.29419057113367575
(156|193) -0.18293068358598671
(156|194) 0.29419057113367575
(156|195) -0.40477943320234305
(156|197) -0.6600519383056491
(168|14) -0.18293068358598671
(168|16) -0.18293068358598671
(168|18) -0.18293068358598671
(168|19) 0.29419057113367575
(168|25) -0.4839606792499679
(168|60) -0.18293068358598671
(168|73) -0.18293068358598671
(168|87) -0.3870506662419115
(168|99) 0.2150093250860509
(168|108) 0.1850461017086077
(168|109) 0.19728055812561937
(168|110) -0.11598389395537351
(168|181) -0.18293068358598671
(168|182) 0.29419057113367575
(168|183) -0.18293068358598671
(168|185) 0.7201593034059569
(168|186) -0.7849906749139491
(168|192) 0.29419057113367575
(168|193) -0.18293068358598671
(168|194) 0.29419057113367575
(168|195) -0.40477943320234305
(168|197) -0.4839606792499679
(181|18) -0.18293068358598671
(181|24) -0.18293068358598671
(181|37) -0.4839606792499679
(181|48) -0.18293068358598671
(181|61) -0.18293068358598671
(181|87) -0.4839606792499679
(181|97) -0.18293068358598671
(181|120) -0.18293068358598671
(181|132) -0.18293068358598671
(181|144) -0.18293068358598671
(181|156) -0.18293068358598671
(181|168) -0.18293068358598671
(181|181) -0.18293068358598671
(182|0) 0.29419057113367575
(182|24) 0.29419057113367575
(182|36) -0.18293068358598671
(182|61) 0.29419057113367575
(182|72) 0.29419057113367575
(182|110) -0.18293068358598671
(182|120) 0.29419057113367575
(182|132) 0.29419057113367575
(182|144) 0.29419057113367575
(182|156) 0.29419057113367575
(182|168) 0.29419057113367575
(182|182) 0.29419057113367575
(183|0) -0.2798406965940431
(183|17) -0.3590219426416679
(183|18) -0.18293068358598671
(183|36) -0.3590219426416679
(183|48) -0.18293068358598671
(183|49) -0.18293068358598671
(183|61) -0.18293068358598671
(183|66) -0.18293068358598671
(183|72) -0.18293068358598671
(183|86) -0.6600519383056491
(183|97) -0.3590219426416679
(183|98) -0.18293068358598671
(183|100) -0.18293068358598671
(183|108) -0.18293068358598671
(183|110) -0.18293068358598671
(183|120) -0.18293068358598671
(183|132) -0.18293068358598671
(183|144) -0.18293068358598671
(183|156) -0.18293068358598671
(183|168) -0.18293068358598671
(183|183) -0.18293068358598671
(183|195) -0.18293068358598671
(183|196) -0.18293068358598671
(184|16) -0.18293068358598671
(184|17) 0.8170693164140133
(184|18) -0.15699813498278983
(184|25) -0.18293068358598671
(184|37) 0.1850461017086077
(184|60) -0.18293068358598671
(184|62) -0.4839606792499679
(184|73) -0.18293068358598671
(184|87) -0.4839606792499679
(184|97) 0.5160393207500321
(184|98) -0.18293068358598671
(184|100) -0.18293068358598671
(184|110) -0.18293068358598671
(184|111) -0.5808706922580243
(184|198) -0.18293068358598671
(185|24) 0.6621673564282701
(185|37) 0.4191293077419757
(185|48) 0.29419057113367575
(185|62) -0.18293068358598671
(185|72) 0.6621673564282701
(185|98) 0.5160393207500321
(185|109) -0.18293068358598671
(185|120) 0.7201593034059569
(185|132) 0.7201593034059569
(185|144) 0.7201593034059569
(185|156) 0.7201593034059569
(185|168) 0.7201593034059569
(185|185) 0.7201593034059569
(185|194) 0.4191293077419757
(186|0) -0.7849906749139491
(186|18) -0.18293068358598671
(186|24) -0.4839606792499679
(186|36) -0.4839606792499679
(186|50) -0.18293068358598671
(186|61) -0.13201038766112982
(186|72) -0.7849906749139491
(186|87) -0.13201038766112982
(186|108) -0.18293068358598671
(186|120) -0.7849906749139491
(186|132) -0.7849906749139491
(186|144) -0.7849906749139491
(186|156) -0.7849906749139491
(186|168) -0.7849906749139491
(186|186) -0.7849906749139491
(192|0) 0.5160393207500321
(192|1) -0.18293068358598671
(192|16) -0.18293068358598671
(192|24) 0.2150093250860509
(192|48) 0.4191293077419757
(192|60) -0.18293068358598671
(192|61) 0.29419057113367575
(192|72) 0.5160393207500321
(192|73) -0.18293068358598671
(192|87) -0.18293068358598671
(192|88) 0.4191293077419757
(192|120) 0.29419057113367575
(192|132) 0.29419057113367575
(192|144) 0.29419057113367575
(192|156) 0.29419057113367575
(192|168) 0.29419057113367575
(192|192) 0.29419057113367575
(193|0) -0.18293068358598671
(193|24) -0.18293068358598671
(193|48) -0.18293068358598671
(193|63) -0.18293068358598671
(193|72) -0.18293068358598671
(193|86) -0.18293068358598671
(193|120) -0.18293068358598671
(193|132) -0.18293068358598671
(193|144) -0.18293068358598671
(193|156) -0.18293068358598671
(193|168) -0.18293068358598671
(193|193) -0.18293068358598671
(194|0) 0.5952205667976569
(194|17) 0.5160393207500321
(194|24) 0.24303804868629444
(194|36) 0.29419057113367575
(194|37) 0.29419057113367575
(194|48) 0.29419057113367575
(194|61) 0.36113736076428893
(194|72) 0.29419057113367575
(194|86) -0.18293068358598671
(194|87) 0.29419057113367575
(194|97) 0.29419057113367575
(194|98) 0.29419057113367575
(194|99) 0.29419057113367575
(194|109) -0.18293068358598671
(194|120) 0.29419057113367575
(194|132) 0.29419057113367575
(194|144) 0.29419057113367575
(194|156) 0.29419057113367575
(194|168) 0.29419057113367575
(194|185) 0.4191293077419757
(194|194) 0.29419057113367575
(195|0) -0.40477943320234305
(195|18) -0.18293068358598671
(195|24) -0.40477943320234305
(195|37) -0.7849906749139491
(195|48) -0.4839606792499679
(195|49) -0.18293068358598671
(195|61) -0.4839606792499679
(195|62) -0.18293068358598671
(195|72) -0.40477943320234305
(195|86) -0.18293068358598671
(195|88) -0.3590219426416679
(195|98) -0.13201038766112982
(195|100) -0.18293068358598671
(195|108) -0.4839606792499679
(195|120) -0.40477943320234305
(195|132) -0.40477943320234305
(195|144) -0.40477943320234305
(195|156) -0.40477943320234305
(195|168) -0.40477943320234305
(195|183) -0.18293068358598671
(195|195) -0.40477943320234305
(196|1) -0.18293068358598671
(196|16) -0.18293068358598671
(196|24) 0.4191293077419757
(196|25) -0.13201038766112982
(196|36) -0.18293068358598671
(196|37) 0.4191293077419757
(196|49) -0.18293068358598671
(196|50) -0.18293068358598671
(196|62) -0.18293068358598671
(196|64) -0.18293068358598671
(196|65) -0.18293068358598671
(196|87) -0.8819006879220055
(196|98) 0.5160393207500321
(196|110) -0.18293068358598671
(196|183) -0.18293068358598671
(197|0) -0.6600519383056491
(197|18) -0.18293068358598671
(197|24) -0.6600519383056491
(197|36) -0.18293068358598671
(197|48) -0.13201038766112982
(197|61) -0.18293068358598671
(197|72) -0.6600519383056491
(197|86) -0.18293068358598671
(197|97) -0.18293068358598671
(197|120) -0.6600519383056491
(197|132) -0.6600519383056491
(197|144) -0.6600519383056491
(197|156) -0.6600519383056491
(197|168) -0.4839606792499679
(197|197) -0.6600519383056491
(198|1) -0.18293068358598671
(198|18) -0.18293068358598671
(198|24) 0.29419057113367575
(198|36) -0.18293068358598671
(198|48) -0.18293068358598671
(198|49) -0.18293068358598671
(198|61) -0.18293068358598671
(198|63) -0.18293068358598671
(198|72) 0.29419057113367575
(198|88) -0.18293068358598671
(198|97) 0.29419057113367575
(198|184) -0.18293068358598671
