(0|18) 0.650962278264933
(0|19) -0.5920757704213615
(0|20) 0.40792422957863855
(0|49) 0.3287429835310137
(0|60) 0.23183297052295726
(0|62) 0.40792422957863855
(0|63) -0.37022702080500514
(0|64) -0.5920757704213615
(0|67) 0.40792422957863855
(0|73) 0.504834242586695
(0|90) 0.5840154886343197
(0|96) 0.40792422957863855
(0|109) 0.34425514970926124
(0|184) 0.4378874529560818
(0|192) -0.19413576174932387
(0|193) 0.3110142165705821
(0|196) 0.3287429835310137
(0|198) -0.19413576174932387
(1|1) -0.4371738104356183
(1|15) -0.19413576174932387
(1|17) -0.3702270208050051
(1|18) -0.5920757704213615
(1|24) -0.4371738104356183
(1|36) -0.5920757704213615
(1|37) -0.37022702080500514
(1|48) -0.6334684555795865
(1|60) -0.16946965510493353
(1|61) 0.40792422957863855
(1|62) -0.19413576174932387
(1|63) -0.19413576174932387
(1|72) -0.404989127064217
(1|88) -0.5920757704213615
(1|97) -0.6712570164689863
(1|98) -0.19413576174932387
(1|109) -0.4371738104356183
(1|110) -0.3702270208050051
(1|111) -0.3702270208050051
(1|120) -0.4371738104356183
(1|132) -0.4371738104356183
(1|144) -0.4371738104356183
(1|156) -0.4371738104356183
(1|168) -0.4371738104356183
(1|183) -0.3702270208050051
(1|192) -0.3702270208050051
(1|194) -0.5920757704213615
(14|14) 0.40792422957863855
(14|24) 0.40792422957863855
(14|37) 0.40792422957863855
(14|48) 0.40792422957863855
(14|72) 0.40792422957863855
(14|109) 0.40792422957863855
(14|120) 0.40792422957863855
(14|132) 0.40792422957863855
(14|144) 0.40792422957863855
(14|156) 0.40792422957863855
(14|168) 0.40792422957863855
(15|1) -0.19413576174932387
(15|62) 0.23183297052295732
(15|63) -0.5920757704213615
(15|86) -0.19413576174932387
(15|108) -0.49516575741330504
(15|109) 0.4748710192092518
(15|110) -0.37022702080500514
(15|183) 0.2829854929703386
(15|192) -0.19413576174932387
(15|197) -0.19413576174932387
(16|24) -0.19413576174932387
(16|25) 0.5840154886343197
(16|49) 0.40792422957863855
(16|60) 0.2829854929703386
(16|61) -0.19413576174932387
(16|86) 0.40792422957863855
(16|88) -0.3702270208050051
(16|97) -0.19413576174932387
(16|111) -0.3702270208050051
(16|184) 0.5840154886343197
(16|194) 0.2829854929703386
(17|1) -0.3702270208050051
(17|49) 0.5840154886343197
(17|61) 0.2829854929703386
(17|65) -0.3702270208050051
(17|67) 0.40792422957863855
(17|87) -0.19413576174932387
(17|98) 0.504834242586695
(17|108) -0.19413576174932387
(17|111) 0.40792422957863855
(17|181) -0.3702270208050051
(17|183) -0.19413576174932387
(17|195) -0.19413576174932387
(17|197) -0.29104577475738025
(18|0) 0.650962278264933
(18|1) -0.5920757704213615
(18|36) 0.40792422957863855
(18|37) -0.19413576174932387
(18|60) -0.19413576174932387
(18|61) 0.40792422957863855
(18|72) 0.3110142165705821
(18|97) -0.19413576174932387
(18|98) 0.23183297052295732
(18|100) -0.19413576174932387
(18|181) -0.19413576174932387
(18|183) 0.40792422957863855
(18|193) 0.40792422957863855
(18|194) -0.19413576174932387
(19|0) -0.5920757704213615
(19|19) -0.7382038060995995
(19|24) -0.6712570164689863
(19|37) -0.3702270208050051
(19|72) -0.7382038060995995
(19|97) -0.5920757704213615
(19|109) -0.19413576174932387
(19|120) -0.6712570164689863
(19|132) -0.6712570164689863
(19|144) -0.7382038060995995
(19|156) -0.7382038060995995
(19|168) -0.7382038060995995
(19|195) -0.3702270208050051
(20|0) 0.40792422957863855
(20|72) -0.19413576174932387
(24|1) -0.4371738104356183
(24|14) 0.40792422957863855
(24|16) -0.19413576174932387
(24|19) -0.6712570164689863
(24|61) 0.2829854929703386
(24|63) -0.37022702080500514
(24|64) -0.49516575741330504
(24|67) 0.40792422957863855
(24|73) 0.5840154886343197
(24|88) -0.21761685759884675
(24|96) 0.40792422957863855
(24|100) -0.6712570164689863
(24|111) -0.19413576174932387
(24|184) 0.2829854929703386
(24|192) -0.19413576174932387
(24|196) 0.504834242586695
(24|198) -0.19413576174932387
(25|16) 0.5840154886343197
(25|48) -0.29104577475738025
(25|49) 0.5840154886343197
(25|50) 0.40792422957863855
(25|62) 0.40792422957863855
(25|63) -0.19413576174932387
(25|87) 0.40792422957863855
(25|99) 0.40792422957863855
(25|109) 0.40792422957863855
(25|193) 0.40792422957863855
(25|194) 0.5840154886343197
(36|1) -0.5920757704213615
(36|18) 0.40792422957863855
(36|50) 0.2829854929703386
(36|62) 0.504834242586695
(36|63) -0.19413576174932387
(36|64) -0.19413576174932387
(36|65) -0.19413576174932387
(36|87) 0.2829854929703386
(36|88) -0.16195107837792258
(36|90) 0.5840154886343197
(36|96) 0.40792422957863855
(36|99) 0.2829854929703386
(36|100) 0.5840154886343197
(36|109) 0.2829854929703386
(36|110) -0.24528828419670518
(36|182) -0.5920757704213615
(36|183) -0.261082551379937
(36|184) 0.3621667390179634
(36|193) 0.7089542252426198
(36|195) -0.29104577475738025
(36|196) 0.23183297052295732
(36|198) -0.3702270208050051
(37|1) -0.37022702080500514
(37|14) 0.40792422957863855
(37|18) -0.19413576174932387
(37|19) -0.3702270208050051
(37|48) -0.17393237566103692
(37|49) 0.2829854929703386
(37|61) 0.5328629661869385
(37|63) -0.4371738104356183
(37|73) 0.5840154886343197
(37|108) -0.19413576174932387
(37|181) -0.3702270208050051
(37|185) -0.49516575741330504
(37|192) -0.3190744983576238
(37|195) 0.40792422957863855
(37|197) -0.19413576174932387
(48|1) -0.6334684555795865
(48|14) 0.40792422957863855
(48|25) -0.29104577475738025
(48|37) -0.17393237566103692
(48|63) -0.3702270208050051
(48|65) -0.19413576174932387
(48|73) 0.2829854929703386
(48|88) -0.393708116654528
(48|90) 0.40792422957863855
(48|99) -0.19413576174932387
(48|100) -0.29104577475738025
(48|110) -0.16195107837792258
(48|111) -0.3190744983576238
(48|183) -0.37022702080500514
(48|184) 0.28298549297033865
(48|185) -0.4371738104356183
(48|192) -0.261082551379937
(48|195) -0.29104577475738025
(48|196) 0.2829854929703386
(48|197) -0.19413576174932387
(48|198) -0.19413576174932387
(49|0) 0.3287429835310137
(49|16) 0.40792422957863855
(49|17) 0.5840154886343197
(49|25) 0.5840154886343197
(49|37) 0.2829854929703386
(49|62) 0.40792422957863855
(49|73) 0.40792422957863855
(49|87) 0.2829854929703386
(49|88) 0.2829854929703386
(49|97) 0.23183297052295732
(49|98) -0.19413576174932387
(49|99) 0.5840154886343197
(49|108) -0.3702270208050051
(49|110) -0.19413576174932387
(49|184) 0.2829854929703386
(49|195) 0.5840154886343197
(49|196) 0.40792422957863855
(50|25) 0.40792422957863855
(50|36) 0.2829854929703386
(50|50) 0.2160387033397254
(50|60) 0.40792422957863855
(50|61) 0.40792422957863855
(50|62) 0.40792422957863855
(50|72) 0.2160387033397254
(50|87) 0.23183297052295732
(50|88) 0.23183297052295732
(50|97) -0.3702270208050051
(50|98) 0.504834242586695
(50|109) 0.3287429835310137
(50|120) 0.28298549297033865
(50|132) 0.2160387033397254
(50|144) 0.2160387033397254
(50|156) 0.2160387033397254
(50|168) 0.2160387033397254
(50|183) 0.2829854929703386
(50|185) 0.40792422957863855
(50|193) 0.40792422957863855
(50|197) 0.40792422957863855
(60|0) 0.23183297052295726
(60|1) -0.16946965510493353
(60|16) 0.2829854929703386
(60|18) -0.19413576174932387
(60|50) 0.40792422957863855
(60|72) -0.1693121780242917
(60|73) 0.5840154886343197
(60|87) -0.19413576174932387
(60|97) -0.19413576174932387
(60|99) -0.19413576174932387
(60|111) -0.19413576174932387
(60|181) -0.19413576174932387
(60|183) -0.5920757704213615
(60|184) 0.5840154886343198
(60|192) -0.3702270208050051
(60|193) 0.40792422957863855
(60|194) -0.261082551379937
(61|1) 0.40792422957863855
(61|16) -0.19413576174932387
(61|17) 0.2829854929703386
(61|18) 0.40792422957863855
(61|24) 0.2829854929703386
(61|37) 0.5328629661869385
(61|50) 0.40792422957863855
(61|61) 0.2116295844346703
(61|72) 0.22083758622149405
(61|90) 0.40792422957863855
(61|97) 0.3287429835310137
(61|99) 0.7089542252426198
(61|109) 0.3499322826009518
(61|111) -0.19413576174932387
(61|120) 0.25302226959289537
(61|132) 0.25302226959289537
(61|144) 0.2116295844346703
(61|156) 0.2116295844346703
(61|168) 0.2116295844346703
(61|182) 0.40792422957863855
(61|185) 0.5840154886343197
(61|186) 0.40792422957863855
(61|192) -0.3702270208050051
(61|194) 0.40792422957863855
(61|195) 0.40792422957863855
(61|197) 0.7089542252426198
(62|0) 0.40792422957863855
(62|1) -0.19413576174932387
(62|15) 0.23183297052295732
(62|25) 0.40792422957863855
(62|36) 0.504834242586695
(62|49) 0.40792422957863855
(62|50) 0.40792422957863855
(62|62) 0.25302226959289537
(62|72) 0.25302226959289537
(62|87) 0.40792422957863855
(62|99) 0.40792422957863855
(62|120) 0.25302226959289537
(62|132) 0.25302226959289537
(62|144) 0.25302226959289537
(62|156) 0.25302226959289537
(62|168) 0.25302226959289537
(62|185) 0.40792422957863855
(62|193) 0.40792422957863855
(63|0) -0.37022702080500514
(63|1) -0.19413576174932387
(63|15) -0.5920757704213615
(63|24) -0.37022702080500514
(63|25) -0.19413576174932387
(63|36) -0.19413576174932387
(63|37) -0.4371738104356183
(63|48) -0.3702270208050051
(63|63) -0.33243845991560533
(63|72) -0.41598451136568027
(63|86) -0.49516575741330504
(63|87) -0.5920757704213615
(63|98) -0.29104577475738025
(63|109) -0.3702270208050051
(63|120) -0.29104577475738025
(63|132) -0.33243845991560533
(63|144) -0.33243845991560533
(63|156) -0.33243845991560533
(63|168) -0.33243845991560533
(63|182) -0.49516575741330504
(63|184) -0.49516575741330504
(63|194) -0.3702270208050051
(64|0) -0.5920757704213615
(64|24) -0.49516575741330504
(64|36) -0.19413576174932387
(64|64) -0.5920757704213615
(64|72) -0.5920757704213615
(64|108) -0.19413576174932387
(64|120) -0.5920757704213615
(64|132) -0.5920757704213615
(64|144) -0.5920757704213615
(64|156) -0.5920757704213615
(64|168) -0.5920757704213615
(64|197) -0.19413576174932387
(65|17) -0.3702270208050051
(65|36) -0.19413576174932387
(65|48) -0.19413576174932387
(65|185) -0.19413576174932387
(65|197) -0.19413576174932387
(67|0) 0.40792422957863855
(67|17) 0.40792422957863855
(67|24) 0.40792422957863855
(67|67) 0.40792422957863855
(67|72) 0.40792422957863855
(67|88) 0.40792422957863855
(67|120) 0.40792422957863855
(67|132) 0.40792422957863855
(67|144) 0.40792422957863855
(67|156) 0.40792422957863855
(67|168) 0.40792422957863855
(72|1) -0.404989127064217
(72|14) 0.40792422957863855
(72|18) 0.3110142165705821
(72|19) -0.7382038060995995
(72|20) -0.19413576174932387
(72|50) 0.2160387033397254
(72|60) -0.1693121780242917
(72|61) 0.22083758622149405
(72|62) 0.25302226959289537
(72|63) -0.41598451136568027
(72|64) -0.5920757704213615
(72|67) 0.40792422957863855
(72|88) -0.23552844690754898
(72|90) 0.7089542252426198
(72|96) 0.5840154886343197
(72|100) -0.5920757704213615
(72|111) -0.19413576174932387
(72|181) -0.19413576174932387
(72|184) 0.2829854929703386
(72|186) 0.2829854929703386
(72|192) -0.19413576174932387
(72|196) 0.5840154886343197
(72|198) -0.19413576174932387
(73|0) 0.504834242586695
(73|24) 0.5840154886343197
(73|37) 0.5840154886343197
(73|48) 0.2829854929703386
(73|49) 0.40792422957863855
(73|60) 0.5840154886343197
(73|73) 0.3287429835310137
(73|87) 0.40792422957863855
(73|88) 0.2829854929703386
(73|98) -0.19413576174932387
(73|100) 0.40792422957863855
(73|120) 0.3287429835310137
(73|132) 0.3287429835310137
(73|144) 0.3287429835310137
(73|156) 0.3287429835310137
(73|168) 0.3287429835310137
(86|15) -0.19413576174932387
(86|16) 0.40792422957863855
(86|63) -0.49516575741330504
(86|110) -0.261082551379937
(86|111) -0.19413576174932387
(86|182) -0.6712570164689863
(86|183) -0.3702270208050051
(86|184) 0.40792422957863855
(86|192) -0.3702270208050051
(86|193) 0.2829854929703386
(86|196) 0.40792422957863855
(86|197) -0.3702270208050051
(86|198) -0.19413576174932387
(87|17) -0.19413576174932387
(87|25) 0.40792422957863855
(87|36) 0.2829854929703386
(87|49) 0.2829854929703386
(87|50) 0.23183297052295732
(87|60) -0.19413576174932387
(87|62) 0.40792422957863855
(87|63) -0.5920757704213615
(87|73) 0.40792422957863855
(87|98) 0.504834242586695
(87|110) 0.40792422957863855
(87|120) 0.2116295844346703
(87|182) -0.19413576174932387
(87|183) 0.2829854929703386
(87|184) 0.40792422957863855
(87|193) -0.19413576174932387
(87|197) 0.5840154886343197
(88|1) -0.5920757704213615
(88|16) -0.3702270208050051
(88|24) -0.21761685759884675
(88|36) -0.16195107837792258
(88|48) -0.393708116654528
(88|49) 0.2829854929703386
(88|50) 0.23183297052295732
(88|67) 0.40792422957863855
(88|72) -0.23552844690754898
(88|73) 0.2829854929703386
(88|88) -0.15937365549011193
(88|97) -0.3702270208050051
(88|108) -0.49516575741330504
(88|109) 0.23183297052295732
(88|110) -0.49516575741330504
(88|111) -0.29104577475738025
(88|144) -0.15937365549011193
(88|156) -0.15937365549011193
(88|168) -0.15937365549011193
(88|182) 0.7089542252426198
(88|185) -0.7382038060995995
(88|186) -0.19413576174932387
(88|193) 0.23183297052295732
(88|194) -0.19413576174932387
(88|195) -0.19413576174932387
(88|197) -0.29104577475738025
(90|0) 0.5840154886343197
(90|36) 0.5840154886343197
(90|48) 0.40792422957863855
(90|61) 0.40792422957863855
(90|72) 0.7089542252426198
(90|90) 0.7089542252426198
(90|98) 0.40792422957863855
(90|120) 0.7089542252426198
(90|132) 0.7089542252426198
(90|144) 0.7089542252426198
(90|156) 0.7089542252426198
(90|168) 0.7089542252426198
(96|0) 0.40792422957863855
(96|24) 0.40792422957863855
(96|36) 0.40792422957863855
(96|72) 0.5840154886343197
(96|96) 0.5840154886343197
(96|120) 0.5840154886343197
(96|132) 0.5840154886343197
(96|144) 0.5840154886343197
(96|156) 0.5840154886343197
(96|168) 0.5840154886343197
(97|1) -0.6712570164689863
(97|16) -0.19413576174932387
(97|18) -0.19413576174932387
(97|19) -0.5920757704213615
(97|49) 0.23183297052295732
(97|50) -0.3702270208050051
(97|60) -0.19413576174932387
(97|61) 0.3287429835310137
(97|88) -0.3702270208050051
(97|110) -0.19413576174932387
(97|181) -0.19413576174932387
(97|184) 0.2829854929703386
(97|185) -0.19413576174932387
(97|196) 0.2829854929703386
(98|1) -0.19413576174932387
(98|17) 0.504834242586695
(98|18) 0.23183297052295732
(98|49) -0.19413576174932387
(98|50) 0.504834242586695
(98|63) -0.29104577475738025
(98|73) -0.19413576174932387
(98|87) 0.504834242586695
(98|90) 0.40792422957863855
(98|108) 0.2829854929703386
(98|186) 0.40792422957863855
(98|192) -0.3702270208050051
(98|193) 0.885045484298301
(99|25) 0.40792422957863855
(99|36) 0.2829854929703386
(99|48) -0.19413576174932387
(99|49) 0.5840154886343197
(99|60) -0.19413576174932387
(99|61) 0.7089542252426198
(99|62) 0.40792422957863855
(99|109) 0.23183297052295732
(99|111) 0.40792422957863855
(99|183) -0.19413576174932387
(99|184) 0.5840154886343197
(99|192) 0.40792422957863855
(99|193) -0.3702270208050051
(100|18) -0.19413576174932387
(100|24) -0.6712570164689863
(100|36) 0.5840154886343197
(100|48) -0.29104577475738025
(100|72) -0.5920757704213615
(100|73) 0.40792422957863855
(100|100) -0.19413576174932387
(100|109) 0.40792422957863855
(100|111) -0.19413576174932387
(100|120) -0.19413576174932387
(100|132) -0.19413576174932387
(100|144) -0.19413576174932387
(100|156) -0.19413576174932387
(100|168) -0.19413576174932387
(100|194) 0.40792422957863855
(108|15) -0.49516575741330504
(108|17) -0.19413576174932387
(108|37) -0.19413576174932387
(108|49) -0.3702270208050051
(108|64) -0.19413576174932387
(108|88) -0.49516575741330504
(108|98) 0.2829854929703386
(108|181) 0.40792422957863855
(108|182) -0.19413576174932387
(108|185) -0.5920757704213615
(109|0) 0.34425514970926124
(109|1) -0.4371738104356183
(109|14) 0.40792422957863855
(109|15) 0.4748710192092518
(109|19) -0.19413576174932387
(109|25) 0.40792422957863855
(109|36) 0.2829854929703386
(109|50) 0.3287429835310137
(109|61) 0.3499322826009518
(109|63) -0.3702270208050051
(109|88) 0.23183297052295732
(109|99) 0.23183297052295732
(109|100) 0.40792422957863855
(109|183) 0.40792422957863855
(109|184) 0.3110142165705821
(109|185) 0.5840154886343197
(109|196) 0.5840154886343197
(109|197) 0.2829854929703386
(110|1) -0.3702270208050051
(110|15) -0.37022702080500514
(110|36) -0.24528828419670518
(110|48) -0.16195107837792258
(110|49) -0.19413576174932387
(110|86) -0.261082551379937
(110|87) 0.40792422957863855
(110|88) -0.49516575741330504
(110|97) -0.19413576174932387
(110|184) -0.29104577475738025
(110|192) -0.49516575741330504
(110|193) 0.40792422957863855
(110|194) -0.49516575741330504
(110|195) -0.19413576174932387
(110|197) -0.19413576174932387
(111|1) -0.3702270208050051
(111|16) -0.3702270208050051
(111|17) 0.40792422957863855
(111|24) -0.19413576174932387
(111|48) -0.3190744983576238
(111|60) -0.19413576174932387
(111|61) -0.19413576174932387
(111|72) -0.19413576174932387
(111|86) -0.19413576174932387
(111|88) -0.29104577475738025
(111|99) 0.40792422957863855
(111|100) -0.19413576174932387
(111|183) -0.6712570164689863
(111|184) 0.5840154886343197
(111|192) -0.19413576174932387
(120|1) -0.4371738104356183
(120|14) 0.40792422957863855
(120|19) -0.6712570164689863
(120|50) 0.28298549297033865
(120|61) 0.25302226959289537
(120|62) 0.25302226959289537
(120|63) -0.29104577475738025
(120|64) -0.5920757704213615
(120|67) 0.40792422957863855
(120|73) 0.3287429835310137
(120|87) 0.2116295844346703
(120|90) 0.7089542252426198
(120|96) 0.5840154886343197
(120|100) -0.19413576174932387
(120|181) -0.19413576174932387
(120|184) 0.2829854929703386
(120|186) 0.5840154886343197
(120|192) -0.24528828419670518
(120|196) 0.40792422957863855
(120|198) -0.3702270208050051
(132|1) -0.4371738104356183
(132|14) 0.40792422957863855
(132|19) -0.6712570164689863
(132|50) 0.2160387033397254
(132|61) 0.25302226959289537
(132|62) 0.25302226959289537
(132|63) -0.33243845991560533
(132|64) -0.5920757704213615
(132|67) 0.40792422957863855
(132|73) 0.3287429835310137
(132|90) 0.7089542252426198
(132|96) 0.5840154886343197
(132|100) -0.19413576174932387
(132|181) -0.19413576174932387
(132|184) 0.2415928078121135
(132|186) 0.5840154886343197
(132|192) -0.24528828419670518
(132|196) 0.40792422957863855
(132|198) -0.3702270208050051
(144|1) -0.4371738104356183
(144|14) 0.40792422957863855
(144|19) -0.7382038060995995
(144|50) 0.2160387033397254
(144|61) 0.2116295844346703
(144|62) 0.25302226959289537
(144|63) -0.33243845991560533
(144|64) -0.5920757704213615
(144|67) 0.40792422957863855
(144|73) 0.3287429835310137
(144|88) -0.15937365549011193
(144|90) 0.7089542252426198
(144|96) 0.5840154886343197
(144|100) -0.19413576174932387
(144|181) -0.19413576174932387
(144|184) 0.2415928078121135
(144|186) 0.2829854929703386
(144|192) -0.24528828419670518
(144|196) 0.40792422957863855
(144|198) -0.3702270208050051
(156|1) -0.4371738104356183
(156|14) 0.40792422957863855
(156|19) -0.7382038060995995
(156|50) 0.2160387033397254
(156|61) 0.2116295844346703
(156|62) 0.25302226959289537
(156|63) -0.33243845991560533
(156|64) -0.5920757704213615
(156|67) 0.40792422957863855
(156|73) 0.3287429835310137
(156|88) -0.15937365549011193
(156|90) 0.7089542252426198
(156|96) 0.5840154886343197
(156|100) -0.19413576174932387
(156|181) -0.19413576174932387
(156|184) 0.2415928078121135
(156|186) 0.2829854929703386
(156|192) -0.24528828419670518
(156|196) 0.40792422957863855
(156|198) -0.3702270208050051
(168|1) -0.4371738104356183
(168|14) 0.40792422957863855
(168|19) -0.7382038060995995
(168|50) 0.2160387033397254
(168|61) 0.2116295844346703
(168|62) 0.25302226959289537
(168|63) -0.33243845991560533
(168|64) -0.5920757704213615
(168|67) 0.40792422957863855
(168|73) 0.3287429835310137
(168|88) -0.15937365549011193
(168|90) 0.7089542252426198
(168|96) 0.5840154886343197
(168|100) -0.19413576174932387
(168|181) -0.19413576174932387
(168|184) 0.2415928078121135
(168|186) 0.2829854929703386
(168|192) -0.24528828419670518
(168|196) 0.40792422957863855
(168|198) -0.3702270208050051
(181|17) -0.3702270208050051
(181|18) -0.19413576174932387
(181|37) -0.3702270208050051
(181|60) -0.19413576174932387
(181|72) -0.19413576174932387
(181|97) -0.19413576174932387
(181|108) 0.40792422957863855
(181|120) -0.19413576174932387
(181|132) -0.19413576174932387
(181|144) -0.19413576174932387
(181|156) -0.19413576174932387
(181|168) -0.19413576174932387
(181|181) -0.19413576174932387
(181|193) -0.3702270208050051
(181|194) -0.49516575741330504
(182|36) -0.5920757704213615
(182|61) 0.40792422957863855
(182|63) -0.49516575741330504
(182|86) -0.6712570164689863
(182|87) -0.19413576174932387
(182|88) 0.7089542252426198
(182|108) -0.19413576174932387
(182|192) 0.40792422957863855
(182|197) -0.19413576174932387
(183|1) -0.3702270208050051
(183|15) 0.2829854929703386
(183|17) -0.19413576174932387
(183|18) 0.40792422957863855
(183|36) -0.261082551379937
(183|48) -0.37022702080500514
(183|50) 0.2829854929703386
(183|60) -0.5920757704213615
(183|86) -0.3702270208050051
(183|87) 0.2829854929703386
(183|99) -0.19413576174932387
(183|109) 0.40792422957863855
(183|111) -0.6712570164689863
(183|192) -0.3702270208050051
(183|193) 0.40792422957863855
(183|196) 0.40792422957863855
(184|0) 0.4378874529560818
(184|16) 0.5840154886343197
(184|24) 0.2829854929703386
(184|36) 0.3621667390179634
(184|48) 0.28298549297033865
(184|49) 0.2829854929703386
(184|60) 0.5840154886343198
(184|63) -0.49516575741330504
(184|72) 0.2829854929703386
(184|86) 0.40792422957863855
(184|87) 0.40792422957863855
(184|97) 0.2829854929703386
(184|99) 0.5840154886343197
(184|109) 0.3110142165705821
(184|110) -0.29104577475738025
(184|111) 0.5840154886343197
(184|120) 0.2829854929703386
(184|132) 0.2415928078121135
(184|144) 0.2415928078121135
(184|156) 0.2415928078121135
(184|168) 0.2415928078121135
(184|184) 0.2415928078121135
(184|192) -0.5920757704213615
(184|193) 0.7089542252426198
(184|194) 0.8058642382506761
(184|197) -0.19413576174932387
(185|37) -0.49516575741330504
(185|48) -0.4371738104356183
(185|50) 0.40792422957863855
(185|61) 0.5840154886343197
(185|62) 0.40792422957863855
(185|65) -0.19413576174932387
(185|88) -0.7382038060995995
(185|97) -0.19413576174932387
(185|108) -0.5920757704213615
(185|109) 0.5840154886343197
(186|61) 0.40792422957863855
(186|72) 0.2829854929703386
(186|88) -0.19413576174932387
(186|98) 0.40792422957863855
(186|120) 0.5840154886343197
(186|132) 0.5840154886343197
(186|144) 0.2829854929703386
(186|156) 0.2829854929703386
(186|168) 0.2829854929703386
(186|186) 0.2829854929703386
(192|0) -0.19413576174932387
(192|1) -0.3702270208050051
(192|15) -0.19413576174932387
(192|24) -0.19413576174932387
(192|37) -0.3190744983576238
(192|48) -0.261082551379937
(192|60) -0.3702270208050051
(192|61) -0.3702270208050051
(192|72) -0.19413576174932387
(192|86) -0.3702270208050051
(192|98) -0.3702270208050051
(192|99) 0.40792422957863855
(192|110) -0.49516575741330504
(192|111) -0.19413576174932387
(192|120) -0.24528828419670518
(192|132) -0.24528828419670518
(192|144) -0.24528828419670518
(192|156) -0.24528828419670518
(192|168) -0.24528828419670518
(192|182) 0.40792422957863855
(192|183) -0.3702270208050051
(192|184) -0.5920757704213615
(192|192) -0.24528828419670518
(193|0) 0.3110142165705821
(193|18) 0.40792422957863855
(193|25) 0.40792422957863855
(193|36) 0.7089542252426198
(193|50) 0.40792422957863855
(193|60) 0.40792422957863855
(193|62) 0.40792422957863855
(193|86) 0.2829854929703386
(193|87) -0.19413576174932387
(193|88) 0.23183297052295732
(193|98) 0.885045484298301
(193|99) -0.3702270208050051
(193|110) 0.40792422957863855
(193|181) -0.3702270208050051
(193|183) 0.40792422957863855
(193|184) 0.7089542252426198
(194|1) -0.5920757704213615
(194|16) 0.2829854929703386
(194|18) -0.19413576174932387
(194|25) 0.5840154886343197
(194|60) -0.261082551379937
(194|61) 0.40792422957863855
(194|63) -0.3702270208050051
(194|88) -0.19413576174932387
(194|100) 0.40792422957863855
(194|110) -0.49516575741330504
(194|181) -0.49516575741330504
(194|184) 0.8058642382506761
(195|17) -0.19413576174932387
(195|19) -0.3702270208050051
(195|36) -0.29104577475738025
(195|37) 0.40792422957863855
(195|48) -0.29104577475738025
(195|49) 0.5840154886343197
(195|61) 0.40792422957863855
(195|88) -0.19413576174932387
(195|110) -0.19413576174932387
(196|0) 0.3287429835310137
(196|24) 0.504834242586695
(196|36) 0.23183297052295732
(196|48) 0.2829854929703386
(196|49) 0.40792422957863855
(196|72) 0.5840154886343197
(196|86) 0.40792422957863855
(196|97) 0.2829854929703386
(196|109) 0.5840154886343197
(196|120) 0.40792422957863855
(196|132) 0.40792422957863855
(196|144) 0.40792422957863855
(196|156) 0.40792422957863855
(196|168) 0.40792422957863855
(196|183) 0.40792422957863855
(196|196) 0.40792422957863855
(197|15) -0.19413576174932387
(197|17) -0.29104577475738025
(197|37) -0.19413576174932387
(197|48) -0.19413576174932387
(197|50) 0.40792422957863855
(197|61) 0.7089542252426198
(197|64) -0.19413576174932387
(197|65) -0.19413576174932387
(197|86) -0.3702270208050051
(197|87) 0.5840154886343197
(197|88) -0.29104577475738025
(197|109) 0.2829854929703386
(197|110) -0.19413576174932387
(197|182) -0.19413576174932387
(197|184) -0.19413576174932387
(198|0) -0.19413576174932387
(198|24) -0.19413576174932387
(198|36) -0.3702270208050051
(198|48) -0.19413576174932387
(198|72) -0.19413576174932387
(198|86) -0.19413576174932387
(198|120) -0.3702270208050051
(198|132) -0.3702270208050051
(198|144) -0.3702270208050051
(198|156) -0.3702270208050051
(198|168) -0.3702270208050051
(198|198) -0.3702270208050051
