(0|13) 0.43456890403419873
(0|16) -0.46852108295774486
(0|49) -0.6068237811240264
(0|64) 0.43456890403419873
(0|73) -0.6446123420134261
(0|97) 0.43456890403419873
(0|134) 0.43456890403419873
(0|135) 0.43456890403419873
(0|183) 0.38881141347352355
(1|18) -0.7115591316440393
(1|37) -0.37834445260865684
(1|48) -0.43073252206834517
(1|49) -0.5654310959658012
(1|50) 0.43456890403419873
(1|97) -0.46852108295774486
(1|110) -0.6446123420134261
(1|122) -0.46852108295774486
(1|181) -0.46852108295774486
(1|193) -0.5654310959658012
(13|0) 0.43456890403419873
(13|24) 0.6106601630898799
(13|37) 0.6106601630898799
(13|48) 0.43456890403419873
(13|98) 0.43456890403419873
(14|24) 0.6106601630898799
(14|89) 0.6106601630898799
(15|183) 0.6106601630898799
(16|0) -0.46852108295774486
(16|24) 0.43456890403419873
(16|36) -0.4105291359800581
(16|37) 0.43456890403419873
(16|50) 0.43456890403419873
(16|61) -0.46852108295774486
(16|109) -0.5654310959658012
(16|194) 0.43456890403419873
(17|25) 0.6106601630898799
(17|49) -0.46852108295774486
(17|50) 0.5314789170422551
(17|63) 0.6106601630898799
(17|97) 0.7355988996981799
(17|99) 0.43456890403419873
(17|181) 0.6106601630898799
(17|182) 0.43456890403419873
(17|192) -0.46852108295774486
(17|193) 0.43456890403419873
(17|194) 0.6106601630898799
(17|196) -0.46852108295774486
(18|1) -0.7115591316440393
(18|61) -0.6446123420134261
(18|63) 0.6106601630898799
(18|109) -0.4105291359800581
(18|193) -0.5654310959658012
(18|194) 0.43456890403419873
(18|196) 0.43456890403419873
(18|198) 0.43456890403419873
(18|199) -0.46852108295774486
(19|36) 0.43456890403419873
(19|65) 0.43456890403419873
(19|108) 0.43456890403419873
(20|61) 0.43456890403419873
(20|86) 0.43456890403419873
(24|13) 0.6106601630898799
(24|14) 0.6106601630898799
(24|16) 0.43456890403419873
(24|49) -0.5032831892169568
(24|63) 0.38881141347352355
(24|73) -0.6446123420134261
(24|109) -0.4897103820276829
(24|146) -0.5654310959658012
(24|187) 0.43456890403419873
(24|194) 0.4645321274116419
(25|17) 0.6106601630898799
(25|63) -0.46852108295774486
(25|87) -0.46852108295774486
(25|108) -0.6446123420134261
(25|182) 0.6106601630898799
(25|193) -0.46852108295774486
(25|196) 0.43456890403419873
(25|197) 0.6106601630898799
(36|16) -0.4105291359800581
(36|19) 0.43456890403419873
(36|64) 0.5314789170422551
(36|97) 0.3967803431447989
(36|181) 0.43456890403419873
(36|182) 0.5314789170422551
(36|192) -0.769551078621726
(36|195) 0.43456890403419873
(36|197) 0.6106601630898799
(37|1) -0.37834445260865684
(37|13) 0.6106601630898799
(37|16) 0.43456890403419873
(37|50) 0.6106601630898799
(37|73) -0.5654310959658012
(37|100) -0.46852108295774486
(37|181) -0.5196736054051262
(37|186) -0.46852108295774486
(37|193) -0.7115591316440393
(37|194) 0.43456890403419873
(37|195) -0.6446123420134261
(48|1) -0.43073252206834517
(48|13) 0.43456890403419873
(48|64) 0.43456890403419873
(48|73) -0.7115591316440393
(48|146) -0.5654310959658012
(48|149) 0.43456890403419873
(48|158) -0.6446123420134261
(48|183) 0.43456890403419873
(48|197) 0.43456890403419873
(48|198) -0.46852108295774486
(49|0) -0.6068237811240264
(49|1) -0.5654310959658012
(49|17) -0.46852108295774486
(49|24) -0.5032831892169568
(49|49) -0.5934598195660449
(49|72) -0.5654310959658012
(49|88) -0.46852108295774486
(49|89) -0.4105291359800581
(49|96) -0.5654310959658012
(49|97) 0.43456890403419873
(49|120) -0.6068237811240264
(49|132) -0.6068237811240264
(49|144) -0.6446123420134261
(49|156) -0.6446123420134261
(49|168) -0.5934598195660449
(50|1) 0.43456890403419873
(50|16) 0.43456890403419873
(50|17) 0.5314789170422551
(50|37) 0.6106601630898799
(50|62) 0.43456890403419873
(50|97) 0.6106601630898799
(50|183) 0.43456890403419873
(50|194) 0.6776069527204932
(50|197) 0.43456890403419873
(60|96) -0.5654310959658012
(60|185) 0.43456890403419873
(60|195) 0.43456890403419873
(61|16) -0.46852108295774486
(61|18) -0.6446123420134261
(61|20) 0.43456890403419873
(61|108) 0.5314789170422551
(61|109) -0.5654310959658012
(61|134) 0.43456890403419873
(61|182) 0.6106601630898799
(61|183) 0.7355988996981799
(61|184) -0.46852108295774486
(61|192) -0.5654310959658012
(62|50) 0.43456890403419873
(62|87) 0.43456890403419873
(62|98) -0.46852108295774486
(62|182) 0.6106601630898799
(62|183) 0.43456890403419873
(62|192) 0.43456890403419873
(63|17) 0.6106601630898799
(63|18) 0.6106601630898799
(63|24) 0.38881141347352355
(63|25) -0.46852108295774486
(63|89) 0.5314789170422551
(63|184) 0.6106601630898799
(63|196) 0.6106601630898799
(64|0) 0.43456890403419873
(64|36) 0.5314789170422551
(64|48) 0.43456890403419873
(64|109) 0.43456890403419873
(64|183) 0.43456890403419873
(65|19) 0.43456890403419873
(65|88) -0.46852108295774486
(65|96) -0.46852108295774486
(65|197) 0.43456890403419873
(72|49) -0.5654310959658012
(72|100) -0.5654310959658012
(72|146) -0.46852108295774486
(72|160) -0.46852108295774486
(72|187) 0.43456890403419873
(72|199) -0.46852108295774486
(73|0) -0.6446123420134261
(73|24) -0.6446123420134261
(73|37) -0.5654310959658012
(73|48) -0.7115591316440393
(73|73) -0.769551078621726
(73|168) -0.769551078621726
(86|20) 0.43456890403419873
(86|96) -0.5654310959658012
(86|98) 0.6106601630898799
(86|108) 0.6106601630898799
(87|25) -0.46852108295774486
(87|62) 0.43456890403419873
(87|97) 0.6106601630898799
(87|100) -0.46852108295774486
(87|110) 0.43456890403419873
(87|192) 0.43456890403419873
(87|197) 0.43456890403419873
(88|49) -0.46852108295774486
(88|65) -0.46852108295774486
(88|109) -0.46852108295774486
(88|193) -0.46852108295774486
(88|194) 0.5314789170422551
(89|14) 0.6106601630898799
(89|49) -0.4105291359800581
(89|63) 0.5314789170422551
(89|96) -0.4105291359800581
(89|97) 0.5137501500818236
(89|99) 0.5015156936648119
(89|111) 0.43456890403419873
(89|183) 0.5015156936648119
(89|192) -0.46852108295774486
(89|194) 0.656417653650555
(89|195) -0.5654310959658012
(89|199) -0.46852108295774486
(96|49) -0.5654310959658012
(96|60) -0.5654310959658012
(96|65) -0.46852108295774486
(96|86) -0.5654310959658012
(96|89) -0.4105291359800581
(96|109) -0.46852108295774486
(96|181) -0.7115591316440393
(96|182) 0.43456890403419873
(96|197) -0.46852108295774486
(97|0) 0.43456890403419873
(97|1) -0.46852108295774486
(97|17) 0.7355988996981799
(97|36) 0.3967803431447989
(97|49) 0.43456890403419873
(97|50) 0.6106601630898799
(97|87) 0.6106601630898799
(97|89) 0.5137501500818236
(97|184) 0.8325089127062364
(97|196) 0.43456890403419873
(98|13) 0.43456890403419873
(98|62) -0.46852108295774486
(98|86) 0.6106601630898799
(98|108) 0.4345689040341987
(98|109) -0.6446123420134261
(98|134) 0.43456890403419873
(98|149) 0.43456890403419873
(98|181) 0.43456890403419873
(98|194) 0.6106601630898799
(98|195) -0.46852108295774486
(98|196) -0.46852108295774486
(99|17) 0.43456890403419873
(99|89) 0.5015156936648119
(99|181) 0.43456890403419873
(100|37) -0.46852108295774486
(100|72) -0.5654310959658012
(100|87) -0.46852108295774486
(100|100) -0.4105291359800581
(100|168) -0.4105291359800581
(108|19) 0.43456890403419873
(108|25) -0.6446123420134261
(108|61) 0.5314789170422551
(108|86) 0.6106601630898799
(108|98) 0.4345689040341987
(108|122) 0.7355988996981799
(108|134) 0.6106601630898799
(108|158) 0.43456890403419873
(108|185) -0.5654310959658012
(108|186) 0.43456890403419873
(108|196) 0.43456890403419873
(108|197) 0.4345689040341987
(109|16) -0.5654310959658012
(109|18) -0.4105291359800581
(109|24) -0.4897103820276829
(109|61) -0.5654310959658012
(109|64) 0.43456890403419873
(109|88) -0.46852108295774486
(109|96) -0.46852108295774486
(109|98) -0.6446123420134261
(109|181) -0.5654310959658012
(109|186) -0.46852108295774486
(110|1) -0.6446123420134261
(110|87) 0.43456890403419873
(110|184) 0.4345689040341987
(110|194) 0.7355988996981799
(111|89) 0.43456890403419873
(111|183) 0.6106601630898799
(120|49) -0.6068237811240264
(120|183) 0.3967803431447989
(122|1) -0.46852108295774486
(122|108) 0.7355988996981799
(122|184) 0.6106601630898799
(132|49) -0.6068237811240264
(132|183) 0.3967803431447989
(132|199) -0.46852108295774486
(134|0) 0.43456890403419873
(134|61) 0.43456890403419873
(134|98) 0.43456890403419873
(134|108) 0.6106601630898799
(135|0) 0.43456890403419873
(144|49) -0.6446123420134261
(144|183) 0.3967803431447989
(144|199) -0.46852108295774486
(146|24) -0.5654310959658012
(146|48) -0.5654310959658012
(146|72) -0.46852108295774486
(146|146) -0.6446123420134261
(146|168) -0.6446123420134261
(149|48) 0.43456890403419873
(149|98) 0.43456890403419873
(156|49) -0.6446123420134261
(156|183) 0.3967803431447989
(156|199) -0.46852108295774486
(158|48) -0.6446123420134261
(158|108) 0.43456890403419873
(158|158) -0.4105291359800581
(158|168) -0.4105291359800581
(158|184) 0.43456890403419873
(160|72) -0.46852108295774486
(160|160) -0.46852108295774486
(160|168) -0.46852108295774486
(168|49) -0.5934598195660449
(168|73) -0.769551078621726
(168|100) -0.4105291359800581
(168|146) -0.6446123420134261
(168|158) -0.4105291359800581
(168|160) -0.46852108295774486
(168|199) -0.46852108295774486
(181|1) -0.46852108295774486
(181|17) 0.6106601630898799
(181|36) 0.43456890403419873
(181|37) -0.5196736054051262
(181|96) -0.7115591316440393
(181|98) 0.43456890403419873
(181|99) 0.43456890403419873
(181|109) -0.5654310959658012
(182|17) 0.43456890403419873
(182|25) 0.6106601630898799
(182|36) 0.5314789170422551
(182|61) 0.6106601630898799
(182|62) 0.6106601630898799
(182|96) 0.43456890403419873
(182|193) 0.43456890403419873
(182|197) 0.6106601630898799
(183|0) 0.38881141347352355
(183|15) 0.6106601630898799
(183|48) 0.43456890403419873
(183|50) 0.43456890403419873
(183|61) 0.7355988996981799
(183|62) 0.43456890403419873
(183|64) 0.43456890403419873
(183|89) 0.5015156936648119
(183|111) 0.6106601630898799
(183|120) 0.3967803431447989
(183|132) 0.3967803431447989
(183|144) 0.3967803431447989
(183|156) 0.3967803431447989
(183|194) 0.6776069527204932
(184|61) -0.46852108295774486
(184|63) 0.6106601630898799
(184|97) 0.8325089127062364
(184|110) 0.4345689040341987
(184|122) 0.6106601630898799
(184|158) 0.43456890403419873
(184|192) -0.5654310959658012
(184|198) 0.6106601630898799
(185|60) 0.43456890403419873
(185|108) -0.5654310959658012
(186|37) -0.46852108295774486
(186|108) 0.43456890403419873
(186|109) -0.46852108295774486
(186|197) 0.43456890403419873
(187|24) 0.43456890403419873
(187|72) 0.43456890403419873
(192|17) -0.46852108295774486
(192|36) -0.769551078621726
(192|61) -0.5654310959658012
(192|62) 0.43456890403419873
(192|87) 0.43456890403419873
(192|89) -0.46852108295774486
(192|184) -0.5654310959658012
(193|1) -0.5654310959658012
(193|17) 0.43456890403419873
(193|18) -0.5654310959658012
(193|25) -0.46852108295774486
(193|37) -0.7115591316440393
(193|88) -0.46852108295774486
(193|182) 0.43456890403419873
(194|16) 0.43456890403419873
(194|17) 0.6106601630898799
(194|18) 0.43456890403419873
(194|24) 0.4645321274116419
(194|37) 0.43456890403419873
(194|50) 0.6776069527204932
(194|88) 0.5314789170422551
(194|89) 0.656417653650555
(194|98) 0.6106601630898799
(194|110) 0.7355988996981799
(194|183) 0.6776069527204932
(195|36) 0.43456890403419873
(195|37) -0.6446123420134261
(195|60) 0.43456890403419873
(195|89) -0.5654310959658012
(195|98) -0.46852108295774486
(196|17) -0.46852108295774486
(196|18) 0.43456890403419873
(196|25) 0.43456890403419873
(196|63) 0.6106601630898799
(196|97) 0.43456890403419873
(196|98) -0.46852108295774486
(196|108) 0.43456890403419873
(197|25) 0.6106601630898799
(197|36) 0.6106601630898799
(197|48) 0.43456890403419873
(197|50) 0.43456890403419873
(197|65) 0.43456890403419873
(197|87) 0.43456890403419873
(197|96) -0.46852108295774486
(197|108) 0.4345689040341987
(197|182) 0.6106601630898799
(197|186) 0.43456890403419873
(198|18) 0.43456890403419873
(198|48) -0.46852108295774486
(198|184) 0.6106601630898799
(199|18) -0.46852108295774486
(199|72) -0.46852108295774486
(199|89) -0.46852108295774486
(199|132) -0.46852108295774486
(199|144) -0.46852108295774486
(199|156) -0.46852108295774486
(199|168) -0.46852108295774486
(199|199) -0.46852108295774486
