(0|15) -0.2524246622304798
(0|16) 0.15126767533064905
(0|19) 0.1277865794811262
(0|49) -0.41148258198738075
(0|50) 0.21493675520002636
(0|51) 0.15126767533064905
(0|61) 0.11139616329295682
(0|63) -0.28238788560792305
(0|73) 0.23424191039541298
(0|88) 0.5537553117534073
(0|97) 0.21493675520002636
(0|101) -0.5254259342942175
(0|105) -0.5254259342942175
(0|108) 0.3496353290974826
(0|110) 0.1277865794811262
(0|111) 0.14358084666435805
(0|171) -0.34933467523853623
(0|181) -0.30357718467786116
(0|182) 0.17354407004180133
(0|184) 0.31967210572003935
(0|185) 0.45229767099463025
(0|186) -0.34933467523853623
(0|192) 0.3496353290974826
(0|195) -0.8264559299581987
(0|196) 0.45229767099463025
(1|19) -0.34933467523853623
(1|36) 0.1277865794811262
(1|48) 0.17354407004180133
(1|49) -0.8264559299581987
(1|61) -0.34933467523853623
(1|63) -0.34933467523853623
(1|65) -0.5254259342942175
(1|72) -0.2621844995196361
(1|85) -0.42851592128616106
(1|87) -0.5254259342942175
(1|97) -0.8264559299581987
(1|99) -0.34933467523853623
(1|109) -0.34933467523853623
(1|110) -0.8264559299581987
(1|182) -0.5254259342942175
(1|193) -0.6503646709025174
(14|51) -0.8264559299581987
(14|87) -0.8264559299581987
(14|101) -0.5254259342942175
(14|111) -0.5254259342942175
(14|168) -0.34933467523853623
(14|194) -0.8264559299581987
(15|0) -0.2524246622304798
(15|37) -0.5834178812719043
(15|48) -0.5254259342942175
(15|49) -0.6503646709025174
(15|50) -0.34933467523853623
(15|63) -0.5254259342942175
(15|64) -0.34933467523853623
(15|72) -0.40048719768591756
(15|73) 0.17354407004180133
(15|84) -0.5254259342942175
(15|86) -0.28238788560792305
(15|99) -0.5254259342942175
(15|101) -1.3035771846778612
(15|111) -0.34933467523853623
(15|168) 0.31967210572003935
(15|169) -0.7015171933498987
(15|183) -0.6046071803418424
(15|193) -0.8264559299581987
(15|195) -0.5254259342942175
(16|0) 0.15126767533064905
(16|16) 0.17354407004180133
(16|24) 0.10296299575609409
(16|37) 0.25272531608942617
(16|49) -0.34933467523853623
(16|62) -0.8264559299581987
(16|72) 0.15126767533064905
(16|85) -0.8264559299581987
(16|98) -0.34933467523853623
(16|99) -0.8264559299581987
(16|109) -0.34933467523853623
(16|112) -0.34933467523853623
(16|120) 0.15126767533064905
(16|132) 0.15126767533064905
(16|144) 0.15126767533064905
(16|156) 0.17354407004180133
(16|168) 0.17354407004180133
(16|169) 0.1277865794811262
(16|183) -0.34933467523853623
(17|36) 0.10296299575609409
(17|49) -0.34933467523853623
(17|61) 0.21493675520002636
(17|67) -0.34933467523853623
(17|73) 0.1277865794811262
(17|84) -0.34933467523853623
(17|87) -0.42851592128616106
(17|105) -0.8264559299581987
(17|145) -0.5254259342942175
(17|171) -0.5254259342942175
(17|181) -0.5254259342942175
(17|182) -0.34933467523853623
(17|183) 0.31967210572003935
(17|186) -0.34933467523853623
(17|193) 0.1277865794811262
(17|195) -0.8264559299581987
(18|49) -0.5254259342942175
(18|51) -0.6503646709025174
(18|63) -0.5254259342942175
(18|66) -0.8264559299581987
(18|86) -0.8264559299581987
(18|98) -0.34933467523853623
(18|101) -0.8264559299581987
(18|108) -0.34933467523853623
(18|120) 0.1277865794811262
(18|121) -0.8264559299581987
(18|181) -0.34933467523853623
(18|183) -0.34933467523853623
(18|184) -0.34933467523853623
(18|197) -0.5254259342942175
(19|0) 0.1277865794811262
(19|1) -0.34933467523853623
(19|49) -0.34933467523853623
(19|61) -0.8264559299581987
(19|65) -0.8264559299581987
(19|85) -0.42851592128616106
(19|97) -0.5254259342942175
(19|109) -0.8264559299581987
(19|110) -0.5254259342942175
(19|182) -0.34933467523853623
(19|193) -0.8264559299581987
(19|197) -0.34933467523853623
(24|16) 0.10296299575609409
(24|49) -0.5254259342942175
(24|50) 0.25272531608942617
(24|63) -0.3493346752385363
(24|64) -0.28238788560792305
(24|65) 0.17354407004180133
(24|66) -0.28238788560792305
(24|67) 0.1277865794811262
(24|73) 0.31967210572003935
(24|88) 0.5352719060593942
(24|99) -0.28238788560792305
(24|101) -0.4285159212861611
(24|105) -0.5254259342942175
(24|108) 0.3496353290974826
(24|109) -0.3493346752385363
(24|110) -0.2524246622304798
(24|111) 0.14358084666435805
(24|180) -0.34933467523853623
(24|184) 0.28748742234863806
(24|185) 0.4288165751451074
(24|186) -0.34933467523853623
(24|192) 0.3496353290974826
(24|194) 0.14358084666435805
(24|195) -0.8264559299581987
(24|196) 0.4039929914200753
(24|197) -0.28238788560792305
(36|1) 0.1277865794811262
(36|17) 0.10296299575609409
(36|49) -0.40048719768591756
(36|61) 0.21493675520002636
(36|66) -0.34933467523853623
(36|73) 0.3496353290974826
(36|87) -0.28238788560792305
(36|97) 0.31967210572003935
(36|101) -0.34933467523853623
(36|105) -0.5254259342942175
(36|110) 0.21493675520002636
(36|111) 0.17354407004180133
(36|112) 0.1277865794811262
(36|120) 0.15581530308136968
(36|121) -0.34933467523853623
(36|144) 0.15581530308136968
(36|145) -0.34933467523853623
(36|171) -0.5254259342942175
(36|186) -0.34933467523853623
(36|193) 0.1277865794811262
(36|194) 0.31967210572003935
(36|195) -0.5254259342942175
(36|196) 0.17354407004180133
(36|197) -0.5254259342942175
(37|15) -0.5834178812719043
(37|16) 0.25272531608942617
(37|49) -0.5254259342942175
(37|51) 0.25272531608942617
(37|62) -0.34933467523853623
(37|63) -0.40048719768591756
(37|64) -0.34933467523853623
(37|73) 0.31967210572003935
(37|85) -0.32130595163829273
(37|87) 0.17354407004180133
(37|88) 0.28748742234863806
(37|97) -0.30357718467786116
(37|98) 0.21493675520002636
(37|99) -0.40048719768591756
(37|101) -0.4742734118468362
(37|109) -0.45847914466360434
(37|110) -0.3493346752385363
(37|111) 0.17354407004180133
(37|169) -0.31457256897932434
(37|180) -0.5254259342942175
(37|181) -0.28238788560792305
(37|184) 0.17354407004180133
(37|185) 0.28748742234863806
(37|186) -0.34933467523853623
(37|192) 0.1277865794811262
(37|193) -0.28238788560792305
(37|194) 0.15126767533064905
(37|195) -0.8264559299581987
(48|1) 0.17354407004180133
(48|15) -0.5254259342942175
(48|62) -0.6503646709025174
(48|65) -0.5254259342942175
(48|67) -0.34933467523853623
(48|85) -0.3493346752385363
(48|97) -0.5254259342942175
(48|99) -0.5254259342942175
(48|101) -0.5254259342942175
(48|109) -0.42851592128616106
(48|110) -0.34933467523853623
(48|111) 0.21493675520002636
(48|169) -0.34933467523853623
(48|180) -0.5254259342942175
(48|181) -0.34933467523853623
(48|186) -0.5254259342942175
(48|195) -0.8264559299581987
(49|0) -0.41148258198738075
(49|1) -0.8264559299581987
(49|15) -0.6503646709025174
(49|16) -0.34933467523853623
(49|17) -0.34933467523853623
(49|18) -0.5254259342942175
(49|19) -0.34933467523853623
(49|24) -0.5254259342942175
(49|36) -0.40048719768591756
(49|37) -0.5254259342942175
(49|49) -0.45847914466360434
(49|61) -0.5254259342942175
(49|63) -1.00254718901388
(49|66) -0.8264559299581987
(49|72) -0.4462446882465927
(49|73) -0.5254259342942175
(49|84) -0.5254259342942175
(49|85) -0.40048719768591756
(49|86) -0.6503646709025174
(49|99) -0.8264559299581987
(49|101) -0.8264559299581987
(49|112) -0.6503646709025174
(49|120) -0.45847914466360434
(49|132) -0.4906638280350056
(49|144) -0.37929789861597946
(49|156) -0.45847914466360434
(49|168) -0.30357718467786116
(49|169) -0.5254259342942175
(49|183) -0.8264559299581987
(49|193) -0.6046071803418424
(49|197) -0.8264559299581987
(50|0) 0.21493675520002636
(50|15) -0.34933467523853623
(50|24) 0.25272531608942617
(50|50) 0.25272531608942617
(50|64) -0.8264559299581987
(50|85) -0.34933467523853623
(50|101) -0.8264559299581987
(50|120) 0.25272531608942617
(50|132) 0.25272531608942617
(50|144) 0.21493675520002636
(50|156) 0.25272531608942617
(51|0) 0.15126767533064905
(51|14) -0.8264559299581987
(51|18) -0.6503646709025174
(51|37) 0.25272531608942617
(51|64) -0.5254259342942175
(51|88) 0.3496353290974826
(51|108) 0.25272531608942617
(51|109) 0.1277865794811262
(51|120) 0.16254868574033815
(51|121) -0.34933467523853623
(51|182) -0.28238788560792305
(51|184) 0.1277865794811262
(51|186) -0.34933467523853623
(51|193) 0.1277865794811262
(51|194) 0.17354407004180133
(51|195) -0.34933467523853623
(51|196) 0.21493675520002636
(61|0) 0.11139616329295682
(61|1) -0.34933467523853623
(61|17) 0.21493675520002636
(61|19) -0.8264559299581987
(61|36) 0.21493675520002636
(61|49) -0.5254259342942175
(61|85) -0.6503646709025174
(61|87) 0.1277865794811262
(61|98) -0.42851592128616106
(61|110) -0.28238788560792305
(61|182) -1.1274859256221799
(61|184) 0.17354407004180133
(61|193) -0.42851592128616106
(61|195) -0.5254259342942175
(61|197) -0.5254259342942175
(62|16) -0.8264559299581987
(62|37) -0.34933467523853623
(62|48) -0.6503646709025174
(62|85) -0.5254259342942175
(62|99) -0.5254259342942175
(62|109) -0.6503646709025174
(62|168) 0.17354407004180133
(62|169) -0.8264559299581987
(62|185) -0.5254259342942175
(62|194) -0.34933467523853623
(63|0) -0.28238788560792305
(63|1) -0.34933467523853623
(63|15) -0.5254259342942175
(63|18) -0.5254259342942175
(63|24) -0.3493346752385363
(63|37) -0.40048719768591756
(63|49) -1.00254718901388
(63|63) -0.29497701291594364
(63|72) -0.4462446882465927
(63|84) -0.34933467523853623
(63|85) -0.5254259342942175
(63|86) -0.5254259342942175
(63|87) -0.8264559299581987
(63|97) -0.5254259342942175
(63|99) -1.1274859256221799
(63|101) -0.8264559299581987
(63|109) -0.6503646709025174
(63|111) -0.6503646709025174
(63|120) -0.29497701291594364
(63|132) -0.29497701291594364
(63|144) -0.32130595163829273
(63|156) -0.29497701291594364
(63|169) -0.7015171933498987
(63|182) -0.34933467523853623
(63|183) -0.5834178812719043
(63|192) -0.8264559299581987
(63|193) -0.42851592128616106
(63|197) -0.8264559299581987
(64|15) -0.34933467523853623
(64|24) -0.28238788560792305
(64|37) -0.34933467523853623
(64|50) -0.8264559299581987
(64|51) -0.5254259342942175
(64|87) -0.34933467523853623
(64|101) -0.8264559299581987
(64|111) -0.34933467523853623
(64|112) -0.8264559299581987
(64|168) -0.28238788560792305
(64|181) -0.8264559299581987
(64|194) -0.8264559299581987
(65|1) -0.5254259342942175
(65|19) -0.8264559299581987
(65|24) 0.17354407004180133
(65|48) -0.5254259342942175
(65|65) 0.25272531608942617
(65|72) 0.1277865794811262
(65|110) -0.5254259342942175
(65|120) 0.21493675520002636
(65|132) 0.25272531608942617
(65|144) 0.17354407004180133
(65|156) 0.25272531608942617
(65|180) -0.8264559299581987
(66|18) -0.8264559299581987
(66|24) -0.28238788560792305
(66|36) -0.34933467523853623
(66|49) -0.8264559299581987
(66|86) -0.6503646709025174
(66|101) -0.8264559299581987
(66|108) -0.5254259342942175
(66|110) -0.8264559299581987
(66|120) 0.1277865794811262
(66|145) -0.8264559299581987
(66|181) -0.8264559299581987
(66|183) -0.5254259342942175
(66|195) -0.8264559299581987
(66|198) -0.8264559299581987
(67|17) -0.34933467523853623
(67|24) 0.1277865794811262
(67|48) -0.34933467523853623
(67|67) 0.1277865794811262
(67|84) -0.5254259342942175
(67|101) -0.34933467523853623
(67|112) -0.5254259342942175
(67|156) 0.1277865794811262
(67|181) -0.34933467523853623
(67|194) -0.8264559299581987
(72|1) -0.2621844995196361
(72|15) -0.40048719768591756
(72|16) 0.15126767533064905
(72|49) -0.4462446882465927
(72|63) -0.4462446882465927
(72|65) 0.1277865794811262
(72|85) -0.24287934432424949
(72|87) -0.30357718467786116
(72|88) 0.5352719060593942
(72|99) -0.34933467523853623
(72|101) -0.4462446882465927
(72|108) 0.28748742234863806
(72|109) -0.41148258198738075
(72|111) 0.12778657948112612
(72|183) -0.2701534291909114
(72|184) 0.37766405269772607
(72|185) 0.4039929914200753
(72|186) -0.5254259342942175
(72|192) 0.25272531608942617
(72|193) -0.2701534291909114
(72|194) 0.14358084666435805
(72|195) -0.5254259342942175
(72|196) 0.28748742234863806
(72|197) -0.42851592128616106
(73|0) 0.23424191039541298
(73|15) 0.17354407004180133
(73|17) 0.1277865794811262
(73|24) 0.31967210572003935
(73|36) 0.3496353290974826
(73|37) 0.31967210572003935
(73|49) -0.5254259342942175
(73|73) 0.3349120722767763
(73|85) 0.1277865794811262
(73|101) -0.34933467523853623
(73|105) -0.8264559299581987
(73|120) 0.31967210572003935
(73|132) 0.31967210572003935
(73|144) 0.6207021013840205
(73|145) -0.8264559299581987
(73|156) 0.3349120722767763
(73|168) 0.4288165751451074
(73|183) 0.25272531608942617
(73|195) -1.1274859256221799
(84|15) -0.5254259342942175
(84|17) -0.34933467523853623
(84|49) -0.5254259342942175
(84|63) -0.34933467523853623
(84|67) -0.5254259342942175
(84|101) -0.8264559299581987
(84|112) -0.6503646709025174
(84|168) 0.17354407004180133
(84|169) -0.8264559299581987
(84|181) -0.8264559299581987
(84|193) -0.34933467523853623
(84|194) -0.8264559299581987
(85|1) -0.42851592128616106
(85|16) -0.8264559299581987
(85|19) -0.42851592128616106
(85|37) -0.32130595163829273
(85|48) -0.3493346752385363
(85|49) -0.40048719768591756
(85|50) -0.34933467523853623
(85|61) -0.6503646709025174
(85|62) -0.5254259342942175
(85|63) -0.5254259342942175
(85|72) -0.24287934432424949
(85|73) 0.1277865794811262
(85|97) -0.5254259342942175
(85|98) -0.5254259342942175
(85|99) -0.5254259342942175
(85|109) -0.8264559299581987
(85|112) -0.28238788560792305
(85|180) -0.5254259342942175
(85|182) 0.17354407004180133
(85|185) -0.8264559299581987
(85|194) 0.1277865794811262
(85|197) -1.1274859256221799
(86|15) -0.28238788560792305
(86|18) -0.8264559299581987
(86|49) -0.6503646709025174
(86|63) -0.5254259342942175
(86|66) -0.6503646709025174
(86|99) -0.34933467523853623
(86|101) -0.5254259342942175
(86|108) -0.5254259342942175
(86|110) -0.5254259342942175
(86|121) -0.34933467523853623
(86|145) -0.8264559299581987
(86|168) 0.31967210572003935
(86|183) -0.8264559299581987
(86|195) -0.8264559299581987
(86|198) -0.8264559299581987
(87|1) -0.5254259342942175
(87|14) -0.8264559299581987
(87|17) -0.42851592128616106
(87|36) -0.28238788560792305
(87|37) 0.17354407004180133
(87|61) 0.1277865794811262
(87|63) -0.8264559299581987
(87|64) -0.34933467523853623
(87|72) -0.30357718467786116
(87|97) -0.34933467523853623
(87|101) -0.8264559299581987
(87|109) -0.34933467523853623
(87|110) -0.34933467523853623
(87|111) -0.34933467523853623
(87|182) -0.6503646709025174
(87|186) -0.5254259342942175
(87|193) -0.34933467523853623
(87|196) -0.5254259342942175
(88|0) 0.5537553117534073
(88|24) 0.5352719060593942
(88|37) 0.28748742234863806
(88|51) 0.3496353290974826
(88|72) 0.5352719060593942
(88|88) 0.6049078342007886
(88|120) 0.5885174180126193
(88|132) 0.5885174180126193
(88|144) 0.5159667508640076
(88|156) 0.6049078342007886
(88|168) 0.37766405269772607
(88|195) -0.8264559299581987
(97|0) 0.21493675520002636
(97|1) -0.8264559299581987
(97|19) -0.5254259342942175
(97|36) 0.31967210572003935
(97|37) -0.30357718467786116
(97|48) -0.5254259342942175
(97|63) -0.5254259342942175
(97|85) -0.5254259342942175
(97|87) -0.34933467523853623
(97|109) -0.42851592128616106
(97|168) -0.31457256897932434
(97|182) -0.42851592128616106
(97|186) -0.8264559299581987
(97|193) -0.42851592128616106
(97|194) -0.34933467523853623
(98|16) -0.34933467523853623
(98|18) -0.34933467523853623
(98|37) 0.21493675520002636
(98|61) -0.42851592128616106
(98|85) -0.5254259342942175
(98|183) -0.8264559299581987
(98|193) -0.5254259342942175
(98|195) -0.5254259342942175
(99|1) -0.34933467523853623
(99|15) -0.5254259342942175
(99|16) -0.8264559299581987
(99|24) -0.28238788560792305
(99|37) -0.40048719768591756
(99|48) -0.5254259342942175
(99|49) -0.8264559299581987
(99|62) -0.5254259342942175
(99|63) -1.1274859256221799
(99|72) -0.34933467523853623
(99|85) -0.5254259342942175
(99|86) -0.34933467523853623
(99|99) -0.2524246622304798
(99|109) -0.8264559299581987
(99|120) -0.28238788560792305
(99|132) -0.2524246622304798
(99|144) -0.2524246622304798
(99|156) -0.2524246622304798
(99|169) -0.6503646709025174
(99|182) -0.5254259342942175
(99|183) -0.8264559299581987
(99|192) -0.5254259342942175
(99|195) -0.8264559299581987
(99|197) -0.6503646709025174
(101|0) -0.5254259342942175
(101|14) -0.5254259342942175
(101|15) -1.3035771846778612
(101|18) -0.8264559299581987
(101|24) -0.4285159212861611
(101|36) -0.34933467523853623
(101|37) -0.4742734118468362
(101|48) -0.5254259342942175
(101|49) -0.8264559299581987
(101|50) -0.8264559299581987
(101|63) -0.8264559299581987
(101|64) -0.8264559299581987
(101|66) -0.8264559299581987
(101|67) -0.34933467523853623
(101|72) -0.4462446882465927
(101|73) -0.34933467523853623
(101|84) -0.8264559299581987
(101|86) -0.5254259342942175
(101|87) -0.8264559299581987
(101|101) -0.4285159212861611
(101|108) -0.34933467523853623
(101|111) -0.34933467523853623
(101|112) -0.8264559299581987
(101|120) -0.3493346752385363
(101|132) -0.4285159212861611
(101|144) -0.4285159212861611
(101|156) -0.4285159212861611
(101|168) -0.34933467523853623
(101|169) -0.6503646709025174
(101|181) -0.8264559299581987
(101|183) -0.6503646709025174
(101|186) -0.5254259342942175
(101|193) -0.5254259342942175
(101|194) -0.5254259342942175
(101|198) -0.8264559299581987
(105|0) -0.5254259342942175
(105|17) -0.8264559299581987
(105|24) -0.5254259342942175
(105|36) -0.5254259342942175
(105|73) -0.8264559299581987
(105|105) -0.5254259342942175
(105|120) -0.5254259342942175
(105|132) -0.5254259342942175
(105|156) -0.5254259342942175
(105|183) -0.5254259342942175
(108|0) 0.3496353290974826
(108|18) -0.34933467523853623
(108|24) 0.3496353290974826
(108|51) 0.25272531608942617
(108|66) -0.5254259342942175
(108|72) 0.28748742234863806
(108|86) -0.5254259342942175
(108|101) -0.34933467523853623
(108|108) 0.4288165751451074
(108|121) -0.5254259342942175
(108|132) 0.37766405269772607
(108|144) 0.31967210572003935
(108|156) 0.4288165751451074
(108|168) 0.17354407004180133
(108|181) -0.8264559299581987
(108|198) -0.34933467523853623
(109|1) -0.34933467523853623
(109|16) -0.34933467523853623
(109|19) -0.8264559299581987
(109|24) -0.3493346752385363
(109|37) -0.45847914466360434
(109|48) -0.42851592128616106
(109|51) 0.1277865794811262
(109|62) -0.6503646709025174
(109|63) -0.6503646709025174
(109|72) -0.41148258198738075
(109|85) -0.8264559299581987
(109|87) -0.34933467523853623
(109|97) -0.42851592128616106
(109|99) -0.8264559299581987
(109|109) -0.24667233334138852
(109|120) -0.32130595163829273
(109|132) -0.29497701291594364
(109|144) -0.29497701291594364
(109|156) -0.24667233334138852
(109|168) -0.2524246622304798
(109|169) -0.34933467523853623
(109|182) -0.8264559299581987
(109|183) -0.5254259342942175
(109|186) -0.8264559299581987
(109|195) -0.5254259342942175
(109|196) -0.5254259342942175
(110|0) 0.1277865794811262
(110|1) -0.8264559299581987
(110|19) -0.5254259342942175
(110|24) -0.2524246622304798
(110|36) 0.21493675520002636
(110|37) -0.3493346752385363
(110|48) -0.34933467523853623
(110|61) -0.28238788560792305
(110|65) -0.5254259342942175
(110|66) -0.8264559299581987
(110|86) -0.5254259342942175
(110|87) -0.34933467523853623
(110|145) -0.8264559299581987
(110|180) -0.8264559299581987
(110|182) -0.5254259342942175
(110|183) 0.17354407004180133
(110|184) -0.8264559299581987
(110|193) -0.42851592128616106
(110|195) -1.1274859256221799
(111|0) 0.14358084666435805
(111|14) -0.5254259342942175
(111|15) -0.34933467523853623
(111|24) 0.14358084666435805
(111|36) 0.17354407004180133
(111|37) 0.17354407004180133
(111|48) 0.21493675520002636
(111|63) -0.6503646709025174
(111|64) -0.34933467523853623
(111|72) 0.12778657948112612
(111|87) -0.34933467523853623
(111|101) -0.34933467523853623
(111|111) 0.17354407004180125
(111|120) 0.15882081322109495
(111|132) 0.17354407004180125
(111|144) 0.15882081322109495
(111|156) 0.17354407004180125
(111|168) 0.47457406570578253
(111|183) -0.6503646709025174
(111|186) -0.5254259342942175
(112|16) -0.34933467523853623
(112|36) 0.1277865794811262
(112|49) -0.6503646709025174
(112|64) -0.8264559299581987
(112|67) -0.5254259342942175
(112|84) -0.6503646709025174
(112|85) -0.28238788560792305
(112|101) -0.8264559299581987
(112|181) -0.5254259342942175
(112|183) -0.42851592128616106
(112|193) -0.5254259342942175
(112|194) 0.1277865794811262
(112|195) -0.8264559299581987
(120|16) 0.15126767533064905
(120|18) 0.1277865794811262
(120|36) 0.15581530308136968
(120|49) -0.45847914466360434
(120|50) 0.25272531608942617
(120|51) 0.16254868574033815
(120|63) -0.29497701291594364
(120|65) 0.21493675520002636
(120|66) 0.1277865794811262
(120|73) 0.31967210572003935
(120|88) 0.5885174180126193
(120|99) -0.28238788560792305
(120|101) -0.3493346752385363
(120|105) -0.5254259342942175
(120|109) -0.32130595163829273
(120|111) 0.15882081322109495
(120|171) -0.34933467523853623
(120|180) -0.34933467523853623
(120|184) 0.28748742234863806
(120|185) 0.4957633647757206
(120|186) -0.34933467523853623
(120|192) 0.3496353290974826
(120|194) 0.20157279364204486
(120|195) -0.8264559299581987
(120|196) 0.45229767099463025
(120|197) -0.28238788560792305
(121|18) -0.8264559299581987
(121|36) -0.34933467523853623
(121|51) -0.34933467523853623
(121|86) -0.34933467523853623
(121|108) -0.5254259342942175
(121|132) -0.5254259342942175
(121|181) -0.8264559299581987
(121|198) -0.8264559299581987
(132|16) 0.15126767533064905
(132|49) -0.4906638280350056
(132|50) 0.25272531608942617
(132|63) -0.29497701291594364
(132|65) 0.25272531608942617
(132|73) 0.31967210572003935
(132|88) 0.5885174180126193
(132|99) -0.2524246622304798
(132|101) -0.4285159212861611
(132|105) -0.5254259342942175
(132|108) 0.37766405269772607
(132|109) -0.29497701291594364
(132|111) 0.17354407004180125
(132|121) -0.5254259342942175
(132|171) -0.34933467523853623
(132|180) -0.34933467523853623
(132|184) 0.31967210572003935
(132|185) 0.4957633647757206
(132|186) -0.34933467523853623
(132|192) 0.37766405269772607
(132|194) 0.1877845091564116
(132|195) -0.7295459169501423
(132|196) 0.45229767099463025
(132|197) -0.28238788560792305
(144|16) 0.15126767533064905
(144|36) 0.15581530308136968
(144|49) -0.37929789861597946
(144|50) 0.21493675520002636
(144|63) -0.32130595163829273
(144|65) 0.17354407004180133
(144|73) 0.6207021013840205
(144|88) 0.5159667508640076
(144|99) -0.2524246622304798
(144|101) -0.4285159212861611
(144|108) 0.31967210572003935
(144|109) -0.29497701291594364
(144|111) 0.15882081322109495
(144|184) 0.3496353290974826
(144|185) 0.47457406570578253
(144|186) -0.34933467523853623
(144|192) 0.4039929914200753
(144|194) 0.1877845091564116
(144|195) -0.6046071803418424
(144|196) 0.45229767099463025
(144|197) -0.5254259342942175
(145|17) -0.5254259342942175
(145|36) -0.34933467523853623
(145|66) -0.8264559299581987
(145|73) -0.8264559299581987
(145|86) -0.8264559299581987
(145|110) -0.8264559299581987
(145|145) 0.1277865794811262
(145|156) 0.1277865794811262
(156|16) 0.17354407004180133
(156|49) -0.45847914466360434
(156|50) 0.25272531608942617
(156|63) -0.29497701291594364
(156|65) 0.25272531608942617
(156|67) 0.1277865794811262
(156|73) 0.3349120722767763
(156|88) 0.6049078342007886
(156|99) -0.2524246622304798
(156|101) -0.4285159212861611
(156|105) -0.5254259342942175
(156|108) 0.4288165751451074
(156|109) -0.24667233334138852
(156|111) 0.17354407004180125
(156|145) 0.1277865794811262
(156|184) 0.37766405269772607
(156|185) 0.5159667508640076
(156|186) -0.34933467523853623
(156|192) 0.4039929914200753
(156|194) 0.21493675520002636
(156|195) -0.7295459169501423
(156|196) 0.47457406570578253
(156|197) -0.28238788560792305
(168|14) -0.34933467523853623
(168|15) 0.31967210572003935
(168|16) 0.17354407004180133
(168|49) -0.30357718467786116
(168|62) 0.17354407004180133
(168|64) -0.28238788560792305
(168|73) 0.4288165751451074
(168|84) 0.17354407004180133
(168|86) 0.31967210572003935
(168|88) 0.37766405269772607
(168|97) -0.31457256897932434
(168|101) -0.34933467523853623
(168|108) 0.17354407004180133
(168|109) -0.2524246622304798
(168|111) 0.47457406570578253
(168|180) -0.5254259342942175
(168|181) -0.45847914466360434
(168|183) 0.1277865794811262
(168|184) 0.28748742234863806
(168|186) -0.6503646709025174
(168|195) -0.5254259342942175
(168|196) 0.3496353290974826
(168|197) -0.5254259342942175
(169|15) -0.7015171933498987
(169|16) 0.1277865794811262
(169|37) -0.31457256897932434
(169|48) -0.34933467523853623
(169|49) -0.5254259342942175
(169|62) -0.8264559299581987
(169|63) -0.7015171933498987
(169|84) -0.8264559299581987
(169|99) -0.6503646709025174
(169|101) -0.6503646709025174
(169|109) -0.34933467523853623
(169|183) -0.40048719768591756
(169|193) -0.34933467523853623
(169|195) -0.8264559299581987
(171|0) -0.34933467523853623
(171|17) -0.5254259342942175
(171|36) -0.5254259342942175
(171|120) -0.34933467523853623
(171|132) -0.34933467523853623
(171|183) -0.5254259342942175
(180|24) -0.34933467523853623
(180|37) -0.5254259342942175
(180|48) -0.5254259342942175
(180|65) -0.8264559299581987
(180|85) -0.5254259342942175
(180|110) -0.8264559299581987
(180|120) -0.34933467523853623
(180|132) -0.34933467523853623
(180|168) -0.5254259342942175
(180|193) -0.8264559299581987
(181|0) -0.30357718467786116
(181|17) -0.5254259342942175
(181|18) -0.34933467523853623
(181|37) -0.28238788560792305
(181|48) -0.34933467523853623
(181|64) -0.8264559299581987
(181|66) -0.8264559299581987
(181|67) -0.34933467523853623
(181|84) -0.8264559299581987
(181|101) -0.8264559299581987
(181|108) -0.8264559299581987
(181|112) -0.5254259342942175
(181|121) -0.8264559299581987
(181|168) -0.45847914466360434
(181|198) -0.8264559299581987
(182|0) 0.17354407004180133
(182|1) -0.5254259342942175
(182|17) -0.34933467523853623
(182|19) -0.34933467523853623
(182|51) -0.28238788560792305
(182|61) -1.1274859256221799
(182|63) -0.34933467523853623
(182|85) 0.17354407004180133
(182|87) -0.6503646709025174
(182|97) -0.42851592128616106
(182|99) -0.5254259342942175
(182|109) -0.8264559299581987
(182|110) -0.5254259342942175
(182|193) -0.34933467523853623
(182|197) -0.8264559299581987
(183|15) -0.6046071803418424
(183|16) -0.34933467523853623
(183|17) 0.31967210572003935
(183|18) -0.34933467523853623
(183|49) -0.8264559299581987
(183|63) -0.5834178812719043
(183|66) -0.5254259342942175
(183|72) -0.2701534291909114
(183|73) 0.25272531608942617
(183|86) -0.8264559299581987
(183|98) -0.8264559299581987
(183|99) -0.8264559299581987
(183|101) -0.6503646709025174
(183|105) -0.5254259342942175
(183|109) -0.5254259342942175
(183|110) 0.17354407004180133
(183|111) -0.6503646709025174
(183|112) -0.42851592128616106
(183|168) 0.1277865794811262
(183|169) -0.40048719768591756
(183|171) -0.5254259342942175
(183|192) -0.5254259342942175
(183|193) -0.3493346752385363
(183|195) -0.8264559299581987
(183|197) -0.34933467523853623
(184|0) 0.31967210572003935
(184|18) -0.34933467523853623
(184|24) 0.28748742234863806
(184|37) 0.17354407004180133
(184|51) 0.1277865794811262
(184|61) 0.17354407004180133
(184|72) 0.37766405269772607
(184|110) -0.8264559299581987
(184|120) 0.28748742234863806
(184|132) 0.31967210572003935
(184|144) 0.3496353290974826
(184|156) 0.37766405269772607
(184|168) 0.28748742234863806
(184|184) 0.37766405269772607
(184|195) -0.5254259342942175
(185|0) 0.45229767099463025
(185|24) 0.4288165751451074
(185|37) 0.28748742234863806
(185|62) -0.5254259342942175
(185|72) 0.4039929914200753
(185|85) -0.8264559299581987
(185|120) 0.4957633647757206
(185|132) 0.4957633647757206
(185|144) 0.47457406570578253
(185|156) 0.5159667508640076
(185|185) 0.5159667508640076
(185|195) -0.8264559299581987
(186|0) -0.34933467523853623
(186|17) -0.34933467523853623
(186|24) -0.34933467523853623
(186|36) -0.34933467523853623
(186|37) -0.34933467523853623
(186|48) -0.5254259342942175
(186|51) -0.34933467523853623
(186|72) -0.5254259342942175
(186|87) -0.5254259342942175
(186|97) -0.8264559299581987
(186|101) -0.5254259342942175
(186|109) -0.8264559299581987
(186|111) -0.5254259342942175
(186|120) -0.34933467523853623
(186|132) -0.34933467523853623
(186|144) -0.34933467523853623
(186|156) -0.34933467523853623
(186|168) -0.6503646709025174
(186|186) -0.34933467523853623
(186|194) -0.8264559299581987
(192|0) 0.3496353290974826
(192|24) 0.3496353290974826
(192|37) 0.1277865794811262
(192|63) -0.8264559299581987
(192|72) 0.25272531608942617
(192|99) -0.5254259342942175
(192|120) 0.3496353290974826
(192|132) 0.37766405269772607
(192|144) 0.4039929914200753
(192|156) 0.4039929914200753
(192|183) -0.5254259342942175
(192|192) 0.4039929914200753
(193|1) -0.6503646709025174
(193|15) -0.8264559299581987
(193|17) 0.1277865794811262
(193|19) -0.8264559299581987
(193|36) 0.1277865794811262
(193|37) -0.28238788560792305
(193|49) -0.6046071803418424
(193|51) 0.1277865794811262
(193|61) -0.42851592128616106
(193|63) -0.42851592128616106
(193|72) -0.2701534291909114
(193|84) -0.34933467523853623
(193|87) -0.34933467523853623
(193|97) -0.42851592128616106
(193|98) -0.5254259342942175
(193|101) -0.5254259342942175
(193|110) -0.42851592128616106
(193|112) -0.5254259342942175
(193|169) -0.34933467523853623
(193|180) -0.8264559299581987
(193|182) -0.34933467523853623
(193|183) -0.3493346752385363
(194|14) -0.8264559299581987
(194|24) 0.14358084666435805
(194|36) 0.31967210572003935
(194|37) 0.15126767533064905
(194|51) 0.17354407004180133
(194|62) -0.34933467523853623
(194|64) -0.8264559299581987
(194|67) -0.8264559299581987
(194|72) 0.14358084666435805
(194|84) -0.8264559299581987
(194|85) 0.1277865794811262
(194|97) -0.34933467523853623
(194|101) -0.5254259342942175
(194|112) 0.1277865794811262
(194|120) 0.20157279364204486
(194|132) 0.1877845091564116
(194|144) 0.1877845091564116
(194|156) 0.21493675520002636
(194|186) -0.8264559299581987
(194|194) 0.21493675520002636
(195|0) -0.8264559299581987
(195|15) -0.5254259342942175
(195|17) -0.8264559299581987
(195|24) -0.8264559299581987
(195|36) -0.5254259342942175
(195|37) -0.8264559299581987
(195|48) -0.8264559299581987
(195|51) -0.34933467523853623
(195|61) -0.5254259342942175
(195|66) -0.8264559299581987
(195|72) -0.5254259342942175
(195|73) -1.1274859256221799
(195|86) -0.8264559299581987
(195|88) -0.8264559299581987
(195|98) -0.5254259342942175
(195|99) -0.8264559299581987
(195|109) -0.5254259342942175
(195|110) -1.1274859256221799
(195|112) -0.8264559299581987
(195|120) -0.8264559299581987
(195|132) -0.7295459169501423
(195|144) -0.6046071803418424
(195|156) -0.7295459169501423
(195|168) -0.5254259342942175
(195|169) -0.8264559299581987
(195|183) -0.8264559299581987
(195|184) -0.5254259342942175
(195|185) -0.8264559299581987
(195|195) -0.7295459169501423
(196|0) 0.45229767099463025
(196|24) 0.4039929914200753
(196|36) 0.17354407004180133
(196|51) 0.21493675520002636
(196|72) 0.28748742234863806
(196|87) -0.5254259342942175
(196|109) -0.5254259342942175
(196|120) 0.45229767099463025
(196|132) 0.45229767099463025
(196|144) 0.45229767099463025
(196|156) 0.47457406570578253
(196|168) 0.3496353290974826
(196|196) 0.47457406570578253
(197|18) -0.5254259342942175
(197|19) -0.34933467523853623
(197|24) -0.28238788560792305
(197|36) -0.5254259342942175
(197|49) -0.8264559299581987
(197|61) -0.5254259342942175
(197|63) -0.8264559299581987
(197|72) -0.42851592128616106
(197|85) -1.1274859256221799
(197|99) -0.6503646709025174
(197|120) -0.28238788560792305
(197|132) -0.28238788560792305
(197|144) -0.5254259342942175
(197|156) -0.28238788560792305
(197|168) -0.5254259342942175
(197|182) -0.8264559299581987
(197|183) -0.34933467523853623
(197|197) -0.28238788560792305
(198|66) -0.8264559299581987
(198|86) -0.8264559299581987
(198|101) -0.8264559299581987
(198|108) -0.34933467523853623
(198|121) -0.8264559299581987
(198|181) -0.8264559299581987
