(0|15) -0.6951770153188798
(0|18) 0.6472456655033265
(0|19) -0.5190857562631985
(0|48) 0.6850342263927263
(0|49) -0.47332826570252334
(0|62) -0.5702382787105797
(0|170) -0.6951770153188798
(1|53) -0.39414701965489857
(1|66) -0.39414701965489857
(1|109) -0.39414701965489857
(1|196) -0.39414701965489857
(14|60) -0.39414701965489857
(14|99) -0.39414701965489857
(15|0) -0.6951770153188798
(15|15) -0.39414701965489857
(15|24) -0.39414701965489857
(15|49) -0.39414701965489857
(15|50) -0.39414701965489857
(15|63) -0.6951770153188798
(15|73) -0.6951770153188798
(15|111) -0.39414701965489857
(15|112) -0.39414701965489857
(15|120) -0.39414701965489857
(15|132) -0.39414701965489857
(15|144) -0.39414701965489857
(15|156) -0.39414701965489857
(15|168) -0.39414701965489857
(15|192) -0.6951770153188798
(16|49) -0.6951770153188798
(16|50) -0.39414701965489857
(16|62) -0.39414701965489857
(16|73) -0.39414701965489857
(16|98) -0.6951770153188798
(16|110) -0.6951770153188798
(16|180) -0.39414701965489857
(16|185) -0.39414701965489857
(16|194) -0.39414701965489857
(17|48) 0.5600954897844264
(17|50) -0.39414701965489857
(17|62) -0.6951770153188798
(17|63) -0.39414701965489857
(17|64) -0.39414701965489857
(17|87) -0.39414701965489857
(17|101) -0.6951770153188798
(17|121) -0.39414701965489857
(17|133) -0.39414701965489857
(17|184) -0.7920870283269361
(17|194) -0.5702382787105797
(17|196) -0.39414701965489857
(17|197) -0.39414701965489857
(17|198) -0.6951770153188798
(18|0) 0.6472456655033265
(18|18) 0.6472456655033265
(18|24) 0.6472456655033265
(18|120) 0.6058529803451015
(18|132) 0.6058529803451015
(18|144) 0.5600954897844264
(18|156) 0.6472456655033265
(18|168) 0.6058529803451015
(18|195) -0.39414701965489857
(19|0) -0.5190857562631985
(19|19) -0.39414701965489857
(19|25) -0.6951770153188798
(19|37) -0.5190857562631985
(19|52) -0.6951770153188798
(19|61) -0.871268274374561
(19|63) -0.39414701965489857
(19|66) -0.39414701965489857
(19|72) -0.39414701965489857
(19|73) -0.39414701965489857
(19|86) -0.39414701965489857
(19|87) -0.6951770153188798
(19|97) -0.39414701965489857
(19|99) -0.39414701965489857
(19|108) -0.39414701965489857
(19|110) -0.39414701965489857
(19|120) -0.39414701965489857
(19|132) -0.47332826570252334
(19|144) -0.39414701965489857
(19|156) -0.39414701965489857
(19|181) -0.871268274374561
(19|185) -0.39414701965489857
(19|193) -0.6951770153188798
(19|198) -0.39414701965489857
(20|73) -0.39414701965489857
(20|87) -0.39414701965489857
(24|15) -0.39414701965489857
(24|18) 0.6472456655033265
(24|62) -0.871268274374561
(24|170) -0.871268274374561
(24|198) -0.39414701965489857
(25|19) -0.6951770153188798
(25|52) -0.39414701965489857
(25|61) -0.6951770153188798
(25|66) -0.39414701965489857
(25|72) -0.39414701965489857
(25|121) -0.39414701965489857
(25|185) -0.39414701965489857
(36|49) -0.7920870283269361
(36|62) -0.39414701965489857
(36|63) -0.39414701965489857
(36|87) -0.5702382787105797
(36|101) -0.6951770153188798
(36|145) -0.6951770153188798
(36|170) -0.39414701965489857
(36|180) -0.39414701965489857
(36|194) -0.47332826570252334
(37|19) -0.5190857562631985
(37|52) -0.6951770153188798
(37|110) 0.5600954897844264
(37|182) -0.5190857562631985
(37|183) 0.6472456655033265
(37|197) -0.39414701965489857
(48|0) 0.6850342263927263
(48|17) 0.5600954897844264
(48|48) 0.4951546828514118
(48|72) 0.6270422794150395
(48|120) 0.5758897569676583
(48|132) 0.5758897569676583
(48|156) 0.4951546828514118
(48|168) 0.9675808163626943
(48|197) -0.39414701965489857
(49|0) -0.47332826570252334
(49|15) -0.39414701965489857
(49|16) -0.6951770153188798
(49|36) -0.7920870283269361
(49|49) -0.39414701965489857
(49|61) -0.39414701965489857
(49|86) -0.39414701965489857
(49|87) -0.6951770153188798
(49|97) -0.39414701965489857
(49|98) -0.5702382787105797
(49|110) -0.6951770153188798
(49|111) -0.39414701965489857
(49|112) -0.39414701965489857
(49|120) -0.39414701965489857
(49|121) -0.39414701965489857
(49|132) -0.4910570326629549
(49|144) -0.39414701965489857
(49|156) -0.39414701965489857
(49|168) -0.39414701965489857
(49|185) -0.6951770153188798
(49|192) -0.39414701965489857
(50|15) -0.39414701965489857
(50|16) -0.39414701965489857
(50|17) -0.39414701965489857
(50|61) -0.39414701965489857
(50|63) -0.6951770153188798
(50|73) -0.39414701965489857
(50|87) -0.39414701965489857
(50|88) -0.39414701965489857
(50|97) -0.39414701965489857
(50|102) -0.39414701965489857
(50|109) -0.6951770153188798
(50|145) -0.39414701965489857
(50|180) -0.39414701965489857
(50|182) -0.39414701965489857
(50|192) -0.39414701965489857
(50|194) -0.6951770153188798
(52|19) -0.6951770153188798
(52|25) -0.39414701965489857
(52|37) -0.6951770153188798
(52|64) -0.39414701965489857
(52|184) -0.39414701965489857
(52|195) -0.39414701965489857
(52|196) -0.6951770153188798
(53|1) -0.39414701965489857
(53|62) -0.39414701965489857
(53|111) -0.6951770153188798
(53|183) -0.39414701965489857
(53|184) -0.871268274374561
(53|194) -0.39414701965489857
(60|14) -0.39414701965489857
(61|19) -0.871268274374561
(61|25) -0.6951770153188798
(61|49) -0.39414701965489857
(61|50) -0.39414701965489857
(61|108) -0.39414701965489857
(61|185) -0.39414701965489857
(61|198) -0.39414701965489857
(62|0) -0.5702382787105797
(62|16) -0.39414701965489857
(62|17) -0.6951770153188798
(62|24) -0.871268274374561
(62|36) -0.39414701965489857
(62|53) -0.39414701965489857
(62|62) -0.5702382787105797
(62|72) -0.39414701965489857
(62|110) -0.39414701965489857
(62|120) -0.5702382787105797
(62|132) -0.5702382787105797
(62|144) -0.39414701965489857
(62|156) -0.5702382787105797
(62|168) -0.5702382787105797
(62|184) -0.6951770153188798
(62|196) -0.39414701965489857
(63|15) -0.6951770153188798
(63|17) -0.39414701965489857
(63|19) -0.39414701965489857
(63|36) -0.39414701965489857
(63|50) -0.6951770153188798
(63|98) -0.39414701965489857
(63|102) -0.39414701965489857
(63|111) -0.6951770153188798
(63|145) -0.39414701965489857
(63|196) -0.39414701965489857
(63|197) -0.39414701965489857
(63|198) -0.39414701965489857
(64|17) -0.39414701965489857
(64|52) -0.39414701965489857
(64|73) -0.39414701965489857
(64|97) -0.39414701965489857
(64|108) -0.39414701965489857
(64|109) -0.39414701965489857
(64|111) -0.39414701965489857
(64|182) -0.6951770153188798
(64|193) -0.39414701965489857
(64|194) -0.39414701965489857
(64|196) -0.39414701965489857
(65|195) -0.39414701965489857
(66|1) -0.39414701965489857
(66|19) -0.39414701965489857
(66|25) -0.39414701965489857
(66|86) -0.39414701965489857
(66|97) -0.39414701965489857
(66|109) -0.6951770153188798
(66|121) -0.39414701965489857
(66|181) -0.39414701965489857
(72|19) -0.39414701965489857
(72|25) -0.39414701965489857
(72|48) 0.6270422794150395
(72|62) -0.39414701965489857
(72|145) -0.39414701965489857
(72|170) -0.6951770153188798
(72|194) -0.46109380928551175
(72|198) -0.5702382787105797
(73|15) -0.6951770153188798
(73|16) -0.39414701965489857
(73|19) -0.39414701965489857
(73|20) -0.39414701965489857
(73|50) -0.39414701965489857
(73|64) -0.39414701965489857
(73|87) -0.39414701965489857
(73|111) -0.6951770153188798
(73|112) -0.39414701965489857
(73|182) -0.9962070109828609
(73|192) -0.871268274374561
(73|193) -0.39414701965489857
(86|19) -0.39414701965489857
(86|49) -0.39414701965489857
(86|66) -0.39414701965489857
(86|98) -0.39414701965489857
(86|121) -0.6951770153188798
(86|133) -0.39414701965489857
(86|180) -0.39414701965489857
(86|182) -0.39414701965489857
(86|185) 0.508942967337045
(86|194) -0.5702382787105797
(86|197) -0.39414701965489857
(87|17) -0.39414701965489857
(87|19) -0.6951770153188798
(87|20) -0.39414701965489857
(87|36) -0.5702382787105797
(87|49) -0.6951770153188798
(87|50) -0.39414701965489857
(87|73) -0.39414701965489857
(87|98) -0.39414701965489857
(87|99) -0.39414701965489857
(87|102) -0.39414701965489857
(87|109) -0.5702382787105797
(87|111) -0.871268274374561
(87|145) -0.39414701965489857
(87|182) -0.5702382787105797
(87|193) -0.39414701965489857
(87|194) -0.39414701965489857
(87|196) -0.39414701965489857
(88|50) -0.39414701965489857
(88|99) -0.39414701965489857
(88|101) -0.39414701965489857
(88|181) -0.39414701965489857
(88|198) -0.6951770153188798
(97|19) -0.39414701965489857
(97|49) -0.39414701965489857
(97|50) -0.39414701965489857
(97|64) -0.39414701965489857
(97|66) -0.39414701965489857
(97|111) -0.39414701965489857
(97|170) -0.871268274374561
(97|193) -0.5190857562631985
(97|196) -0.6951770153188798
(98|16) -0.6951770153188798
(98|49) -0.5702382787105797
(98|63) -0.39414701965489857
(98|86) -0.39414701965489857
(98|87) -0.39414701965489857
(98|109) -0.39414701965489857
(98|111) -0.39414701965489857
(98|184) -0.6951770153188798
(98|185) -0.39414701965489857
(98|194) -0.6951770153188798
(98|197) -0.39414701965489857
(99|14) -0.39414701965489857
(99|19) -0.39414701965489857
(99|87) -0.39414701965489857
(99|88) -0.39414701965489857
(99|108) -0.39414701965489857
(99|109) -0.39414701965489857
(99|180) -0.39414701965489857
(99|183) -0.39414701965489857
(99|194) -0.6951770153188798
(99|196) -0.39414701965489857
(101|17) -0.6951770153188798
(101|36) -0.6951770153188798
(101|88) -0.39414701965489857
(101|181) -0.39414701965489857
(101|184) -0.39414701965489857
(102|50) -0.39414701965489857
(102|63) -0.39414701965489857
(102|87) -0.39414701965489857
(102|112) -0.39414701965489857
(102|192) -0.6951770153188798
(108|19) -0.39414701965489857
(108|61) -0.39414701965489857
(108|64) -0.39414701965489857
(108|99) -0.39414701965489857
(108|196) -0.39414701965489857
(109|1) -0.39414701965489857
(109|50) -0.6951770153188798
(109|64) -0.39414701965489857
(109|66) -0.6951770153188798
(109|87) -0.5702382787105797
(109|98) -0.39414701965489857
(109|99) -0.39414701965489857
(109|133) -0.39414701965489857
(109|170) -0.871268274374561
(109|181) -0.39414701965489857
(109|182) -0.6951770153188798
(109|184) -0.39414701965489857
(110|16) -0.6951770153188798
(110|19) -0.39414701965489857
(110|37) 0.5600954897844264
(110|49) -0.6951770153188798
(110|62) -0.39414701965489857
(110|169) -0.39414701965489857
(110|193) -0.39414701965489857
(111|15) -0.39414701965489857
(111|49) -0.39414701965489857
(111|53) -0.6951770153188798
(111|63) -0.6951770153188798
(111|64) -0.39414701965489857
(111|73) -0.6951770153188798
(111|87) -0.871268274374561
(111|97) -0.39414701965489857
(111|98) -0.39414701965489857
(111|182) -0.39414701965489857
(112|15) -0.39414701965489857
(112|49) -0.39414701965489857
(112|73) -0.39414701965489857
(112|102) -0.39414701965489857
(120|15) -0.39414701965489857
(120|18) 0.6058529803451015
(120|19) -0.39414701965489857
(120|48) 0.5758897569676583
(120|49) -0.39414701965489857
(120|62) -0.5702382787105797
(120|170) -0.9962070109828609
(120|198) -0.5702382787105797
(121|17) -0.39414701965489857
(121|25) -0.39414701965489857
(121|49) -0.39414701965489857
(121|66) -0.39414701965489857
(121|86) -0.6951770153188798
(121|184) -0.39414701965489857
(121|194) -0.39414701965489857
(132|15) -0.39414701965489857
(132|18) 0.6058529803451015
(132|19) -0.47332826570252334
(132|48) 0.5758897569676583
(132|49) -0.4910570326629549
(132|62) -0.5702382787105797
(132|170) -0.9962070109828609
(132|195) 0.508942967337045
(132|196) -0.39414701965489857
(132|198) -0.5702382787105797
(133|17) -0.39414701965489857
(133|86) -0.39414701965489857
(133|109) -0.39414701965489857
(133|184) -0.39414701965489857
(133|194) -0.39414701965489857
(144|15) -0.39414701965489857
(144|18) 0.5600954897844264
(144|19) -0.39414701965489857
(144|49) -0.39414701965489857
(144|62) -0.39414701965489857
(144|170) -0.9962070109828609
(144|198) -0.5702382787105797
(145|36) -0.6951770153188798
(145|50) -0.39414701965489857
(145|63) -0.39414701965489857
(145|72) -0.39414701965489857
(145|87) -0.39414701965489857
(145|185) -0.39414701965489857
(145|194) -0.39414701965489857
(156|15) -0.39414701965489857
(156|18) 0.6472456655033265
(156|19) -0.39414701965489857
(156|48) 0.4951546828514118
(156|49) -0.39414701965489857
(156|62) -0.5702382787105797
(156|170) -0.9962070109828609
(156|195) 0.508942967337045
(156|198) -0.5702382787105797
(168|15) -0.39414701965489857
(168|18) 0.6058529803451015
(168|48) 0.9675808163626943
(168|49) -0.39414701965489857
(168|62) -0.5702382787105797
(169|110) -0.39414701965489857
(169|185) -0.39414701965489857
(169|194) -0.39414701965489857
(170|0) -0.6951770153188798
(170|24) -0.871268274374561
(170|36) -0.39414701965489857
(170|72) -0.6951770153188798
(170|97) -0.871268274374561
(170|109) -0.871268274374561
(170|120) -0.9962070109828609
(170|132) -0.9962070109828609
(170|144) -0.9962070109828609
(170|156) -0.9962070109828609
(170|170) -0.9962070109828609
(170|182) -0.6951770153188798
(180|16) -0.39414701965489857
(180|36) -0.39414701965489857
(180|50) -0.39414701965489857
(180|86) -0.39414701965489857
(180|99) -0.39414701965489857
(181|19) -0.871268274374561
(181|66) -0.39414701965489857
(181|88) -0.39414701965489857
(181|101) -0.39414701965489857
(181|109) -0.39414701965489857
(182|37) -0.5190857562631985
(182|50) -0.39414701965489857
(182|64) -0.6951770153188798
(182|73) -0.9962070109828609
(182|86) -0.39414701965489857
(182|87) -0.5702382787105797
(182|109) -0.6951770153188798
(182|111) -0.39414701965489857
(182|170) -0.6951770153188798
(182|194) -0.39414701965489857
(183|37) 0.6472456655033265
(183|53) -0.39414701965489857
(183|99) -0.39414701965489857
(183|194) -0.39414701965489857
(184|17) -0.7920870283269361
(184|52) -0.39414701965489857
(184|53) -0.871268274374561
(184|62) -0.6951770153188798
(184|98) -0.6951770153188798
(184|101) -0.39414701965489857
(184|109) -0.39414701965489857
(184|121) -0.39414701965489857
(184|133) -0.39414701965489857
(184|196) -0.39414701965489857
(184|197) -0.39414701965489857
(184|198) -0.6951770153188798
(185|16) -0.39414701965489857
(185|19) -0.39414701965489857
(185|25) -0.39414701965489857
(185|49) -0.6951770153188798
(185|61) -0.39414701965489857
(185|86) 0.508942967337045
(185|98) -0.39414701965489857
(185|145) -0.39414701965489857
(185|169) -0.39414701965489857
(185|194) -0.39414701965489857
(192|15) -0.6951770153188798
(192|49) -0.39414701965489857
(192|50) -0.39414701965489857
(192|73) -0.871268274374561
(192|102) -0.6951770153188798
(193|19) -0.6951770153188798
(193|64) -0.39414701965489857
(193|73) -0.39414701965489857
(193|87) -0.39414701965489857
(193|97) -0.5190857562631985
(193|110) -0.39414701965489857
(194|16) -0.39414701965489857
(194|17) -0.5702382787105797
(194|36) -0.47332826570252334
(194|50) -0.6951770153188798
(194|53) -0.39414701965489857
(194|64) -0.39414701965489857
(194|72) -0.46109380928551175
(194|86) -0.5702382787105797
(194|87) -0.39414701965489857
(194|98) -0.6951770153188798
(194|99) -0.6951770153188798
(194|121) -0.39414701965489857
(194|133) -0.39414701965489857
(194|145) -0.39414701965489857
(194|169) -0.39414701965489857
(194|182) -0.39414701965489857
(194|183) -0.39414701965489857
(194|185) -0.39414701965489857
(195|18) -0.39414701965489857
(195|52) -0.39414701965489857
(195|65) -0.39414701965489857
(195|132) 0.508942967337045
(195|156) 0.508942967337045
(195|195) 0.508942967337045
(196|1) -0.39414701965489857
(196|17) -0.39414701965489857
(196|52) -0.6951770153188798
(196|62) -0.39414701965489857
(196|63) -0.39414701965489857
(196|64) -0.39414701965489857
(196|87) -0.39414701965489857
(196|97) -0.6951770153188798
(196|99) -0.39414701965489857
(196|108) -0.39414701965489857
(196|132) -0.39414701965489857
(196|184) -0.39414701965489857
(197|17) -0.39414701965489857
(197|37) -0.39414701965489857
(197|48) -0.39414701965489857
(197|63) -0.39414701965489857
(197|86) -0.39414701965489857
(197|98) -0.39414701965489857
(197|184) -0.39414701965489857
(198|17) -0.6951770153188798
(198|19) -0.39414701965489857
(198|24) -0.39414701965489857
(198|61) -0.39414701965489857
(198|63) -0.39414701965489857
(198|72) -0.5702382787105797
(198|88) -0.6951770153188798
(198|120) -0.5702382787105797
(198|132) -0.5702382787105797
(198|144) -0.5702382787105797
(198|156) -0.5702382787105797
(198|184) -0.6951770153188798
(198|198) -0.5702382787105797
