(0|14) -0.9868669847287175
(0|16) -0.3636176943308171
(0|60) 0.6943742526468697
(0|73) -0.5097457300090551
(0|101) -0.6858369890647363
(0|112) -0.8107757256730362
(0|186) -0.43056448396143027
(1|16) 0.39334425698288855
(1|18) -0.5097457300090551
(1|63) 0.4902542699909449
(1|98) 0.4902542699909449
(1|110) 0.39334425698288855
(1|194) 0.745526775094251
(1|197) -0.5097457300090551
(14|0) -0.9868669847287175
(14|14) -0.5097457300090551
(14|24) -0.43056448396143027
(14|37) -0.6858369890647363
(14|48) -0.6066557430171116
(14|61) -0.38480699340075514
(14|72) -0.43056448396143027
(14|102) -0.5097457300090551
(14|110) -0.6858369890647363
(14|120) -0.5097457300090551
(14|132) -0.5097457300090551
(14|144) -0.5097457300090551
(14|156) -0.5097457300090551
(14|168) -0.5097457300090551
(16|0) -0.3636176943308171
(16|1) 0.39334425698288855
(16|36) -0.45175378303136837
(16|62) -0.6858369890647363
(16|73) -0.5097457300090551
(16|88) -0.6066557430171116
(16|98) -0.5097457300090551
(16|101) -0.5097457300090551
(16|196) -0.5097457300090551
(17|37) 0.39334425698288855
(17|48) 0.4902542699909449
(17|49) -0.43056448396143027
(17|62) 0.39334425698288855
(17|87) -0.5097457300090551
(17|88) 0.6363823056691829
(17|108) -0.5097457300090551
(17|110) 0.39334425698288855
(18|1) -0.5097457300090551
(18|25) -0.38480699340075514
(18|60) 0.39334425698288855
(18|64) -0.5097457300090551
(18|65) 0.39334425698288855
(18|111) 0.745526775094251
(18|133) -0.5097457300090551
(18|145) -0.5097457300090551
(18|180) 0.39334425698288855
(18|181) -0.38480699340075514
(18|184) 0.39334425698288855
(18|195) 0.39334425698288855
(18|198) -0.5097457300090551
(19|36) 0.39334425698288855
(19|63) -0.6858369890647363
(19|72) 0.4281063632421005
(19|86) 0.39334425698288855
(19|88) 0.6363823056691829
(19|98) 0.39334425698288855
(19|108) 0.4902542699909449
(19|110) 0.39334425698288855
(19|168) 0.4281063632421005
(19|183) -0.5097457300090551
(24|14) -0.43056448396143027
(24|60) 0.745526775094251
(24|101) -0.6066557430171116
(24|112) -0.6858369890647363
(24|121) 0.4902542699909449
(24|133) -0.38480699340075514
(25|18) -0.38480699340075514
(25|61) -0.5097457300090551
(25|86) -0.5097457300090551
(25|87) -0.38480699340075514
(25|97) 0.39334425698288855
(25|183) -0.5097457300090551
(36|16) -0.45175378303136837
(36|19) 0.39334425698288855
(36|49) -0.46398823944837997
(36|63) -0.5097457300090551
(36|73) -0.6066557430171116
(36|100) -0.38480699340075514
(36|180) -0.38480699340075514
(37|14) -0.6858369890647363
(37|17) 0.39334425698288855
(37|49) 0.4444967794302698
(37|60) 0.6943742526468697
(37|62) -0.38480699340075514
(37|100) 0.6363823056691829
(37|101) -0.5097457300090551
(37|102) -0.5097457300090551
(37|121) 0.4902542699909449
(37|133) -0.38480699340075514
(37|180) 0.39334425698288855
(37|181) 0.5694355160385697
(37|182) 0.39334425698288855
(37|195) 0.39334425698288855
(48|14) -0.6066557430171116
(48|17) 0.4902542699909449
(48|60) 0.6363823056691829
(48|65) 0.6363823056691829
(48|67) -0.5097457300090551
(48|100) 0.6363823056691829
(48|101) -0.8107757256730362
(48|111) 0.41967319570523764
(48|112) -0.8107757256730362
(48|121) 0.39334425698288855
(48|133) -0.6858369890647363
(48|182) 0.4444967794302698
(49|17) -0.43056448396143027
(49|36) -0.46398823944837997
(49|37) 0.4444967794302698
(49|64) -0.5097457300090551
(49|73) -0.8107757256730362
(49|97) -0.5097457300090551
(49|100) -0.5097457300090551
(49|109) -0.38480699340075514
(49|192) -0.6858369890647363
(50|193) -0.5097457300090551
(60|0) 0.6943742526468697
(60|18) 0.39334425698288855
(60|24) 0.745526775094251
(60|37) 0.6943742526468697
(60|48) 0.6363823056691829
(60|60) 0.745526775094251
(60|72) 0.745526775094251
(60|86) 0.6943742526468697
(60|120) 0.745526775094251
(60|132) 0.745526775094251
(60|144) 0.745526775094251
(60|156) 0.745526775094251
(60|168) 0.745526775094251
(60|194) 0.39334425698288855
(61|14) -0.38480699340075514
(61|25) -0.5097457300090551
(61|101) -0.38480699340075514
(61|109) -0.6858369890647363
(61|110) 0.6943742526468697
(61|112) -0.5097457300090551
(61|180) -0.5097457300090551
(61|181) 0.4902542699909449
(61|186) -0.5097457300090551
(62|16) -0.6858369890647363
(62|17) 0.39334425698288855
(62|37) -0.38480699340075514
(62|97) 0.5694355160385697
(62|98) -0.5097457300090551
(62|110) -0.8107757256730362
(63|1) 0.4902542699909449
(63|19) -0.6858369890647363
(63|36) -0.5097457300090551
(63|97) 0.5694355160385697
(63|99) -0.5097457300090551
(63|110) -0.38480699340075514
(63|111) 0.5694355160385697
(64|18) -0.5097457300090551
(64|49) -0.5097457300090551
(64|97) 0.39334425698288855
(64|108) -0.43056448396143027
(64|183) -0.6858369890647363
(65|18) 0.39334425698288855
(65|48) 0.6363823056691829
(65|88) 0.4902542699909449
(65|99) -0.5097457300090551
(67|48) -0.5097457300090551
(72|14) -0.43056448396143027
(72|19) 0.4281063632421005
(72|60) 0.745526775094251
(72|101) -0.6858369890647363
(72|112) -0.8107757256730362
(72|121) 0.4902542699909449
(72|133) -0.38480699340075514
(72|181) 0.39334425698288855
(72|182) 0.39334425698288855
(72|195) 0.6363823056691829
(73|0) -0.5097457300090551
(73|16) -0.5097457300090551
(73|36) -0.6066557430171116
(73|49) -0.8107757256730362
(73|87) -0.38480699340075514
(73|88) -0.6066557430171116
(73|98) -0.9076857386810927
(73|181) -0.5097457300090551
(86|19) 0.39334425698288855
(86|25) -0.5097457300090551
(86|60) 0.6943742526468697
(86|111) 0.6041976222977817
(86|180) -0.5097457300090551
(86|185) -0.43056448396143027
(86|196) -0.6858369890647363
(86|197) -0.5097457300090551
(87|17) -0.5097457300090551
(87|25) -0.38480699340075514
(87|73) -0.38480699340075514
(87|98) -0.38480699340075514
(87|99) 0.4902542699909449
(87|101) -0.9076857386810927
(87|102) -0.5097457300090551
(87|183) -0.5097457300090551
(87|192) -0.6858369890647363
(87|196) 0.39334425698288855
(88|16) -0.6066557430171116
(88|17) 0.6363823056691829
(88|19) 0.6363823056691829
(88|65) 0.4902542699909449
(88|73) -0.6066557430171116
(88|99) -0.43056448396143027
(88|108) -0.45175378303136837
(88|109) 0.39334425698288855
(88|110) 0.7912842656549262
(88|133) -0.5097457300090551
(88|145) -0.5097457300090551
(88|182) 0.4902542699909449
(88|197) 0.5694355160385697
(97|25) 0.39334425698288855
(97|49) -0.5097457300090551
(97|62) 0.5694355160385697
(97|63) 0.5694355160385697
(97|64) 0.39334425698288855
(97|110) 0.6943742526468697
(97|184) 0.4902542699909449
(97|194) 0.6943742526468697
(98|1) 0.4902542699909449
(98|16) -0.5097457300090551
(98|19) 0.39334425698288855
(98|62) -0.5097457300090551
(98|73) -0.9076857386810927
(98|87) -0.38480699340075514
(98|111) 0.5694355160385697
(98|133) -0.5097457300090551
(98|192) -0.9076857386810927
(98|193) -0.5097457300090551
(98|194) 0.39334425698288855
(98|196) 0.4902542699909449
(99|63) -0.5097457300090551
(99|65) -0.5097457300090551
(99|87) 0.4902542699909449
(99|88) -0.43056448396143027
(99|108) 0.39334425698288855
(99|183) -0.6858369890647363
(99|186) -0.5097457300090551
(99|193) 0.4902542699909449
(99|194) -0.43056448396143027
(100|36) -0.38480699340075514
(100|37) 0.6363823056691829
(100|48) 0.6363823056691829
(100|49) -0.5097457300090551
(100|110) -0.5097457300090551
(101|0) -0.6858369890647363
(101|16) -0.5097457300090551
(101|24) -0.6066557430171116
(101|37) -0.5097457300090551
(101|48) -0.8107757256730362
(101|61) -0.38480699340075514
(101|72) -0.6858369890647363
(101|87) -0.9076857386810927
(101|101) -0.6858369890647363
(101|110) -0.5097457300090551
(101|111) -0.5097457300090551
(101|120) -0.6858369890647363
(101|132) -0.6858369890647363
(101|144) -0.6858369890647363
(101|156) -0.6858369890647363
(101|168) -0.6858369890647363
(101|194) -0.6858369890647363
(102|14) -0.5097457300090551
(102|37) -0.5097457300090551
(102|87) -0.5097457300090551
(108|17) -0.5097457300090551
(108|19) 0.4902542699909449
(108|64) -0.43056448396143027
(108|88) -0.45175378303136837
(108|99) 0.39334425698288855
(108|181) 0.39334425698288855
(108|183) -0.8107757256730362
(108|194) 0.39334425698288855
(109|49) -0.38480699340075514
(109|61) -0.6858369890647363
(109|88) 0.39334425698288855
(109|184) 0.6363823056691829
(109|185) -0.6066557430171116
(109|193) 0.39334425698288855
(109|196) -0.8107757256730362
(110|1) 0.39334425698288855
(110|14) -0.6858369890647363
(110|17) 0.39334425698288855
(110|19) 0.39334425698288855
(110|61) 0.6943742526468697
(110|62) -0.8107757256730362
(110|63) -0.38480699340075514
(110|88) 0.7912842656549262
(110|97) 0.6943742526468697
(110|100) -0.5097457300090551
(110|101) -0.5097457300090551
(110|184) 0.39334425698288855
(110|186) -0.5097457300090551
(110|194) 0.4902542699909449
(110|196) 0.39334425698288855
(111|18) 0.745526775094251
(111|48) 0.41967319570523764
(111|63) 0.5694355160385697
(111|86) 0.6041976222977817
(111|98) 0.5694355160385697
(111|101) -0.5097457300090551
(111|184) 0.4902542699909449
(111|192) 0.4902542699909449
(112|0) -0.8107757256730362
(112|24) -0.6858369890647363
(112|48) -0.8107757256730362
(112|61) -0.5097457300090551
(112|72) -0.8107757256730362
(112|112) -0.8107757256730362
(112|120) -0.8107757256730362
(112|132) -0.8107757256730362
(112|144) -0.8107757256730362
(112|156) -0.8107757256730362
(112|168) -0.8107757256730362
(120|14) -0.5097457300090551
(120|60) 0.745526775094251
(120|101) -0.6858369890647363
(120|112) -0.8107757256730362
(120|186) -0.43056448396143027
(121|24) 0.4902542699909449
(121|37) 0.4902542699909449
(121|48) 0.39334425698288855
(121|72) 0.4902542699909449
(121|121) 0.4902542699909449
(121|144) 0.4902542699909449
(121|156) 0.4902542699909449
(121|168) 0.4902542699909449
(132|14) -0.5097457300090551
(132|60) 0.745526775094251
(132|101) -0.6858369890647363
(132|112) -0.8107757256730362
(133|18) -0.5097457300090551
(133|24) -0.38480699340075514
(133|37) -0.38480699340075514
(133|48) -0.6858369890647363
(133|72) -0.38480699340075514
(133|88) -0.5097457300090551
(133|98) -0.5097457300090551
(133|133) -0.38480699340075514
(133|144) -0.38480699340075514
(133|156) -0.38480699340075514
(133|168) -0.38480699340075514
(144|14) -0.5097457300090551
(144|60) 0.745526775094251
(144|101) -0.6858369890647363
(144|112) -0.8107757256730362
(144|121) 0.4902542699909449
(144|133) -0.38480699340075514
(144|195) 0.6363823056691829
(145|18) -0.5097457300090551
(145|88) -0.5097457300090551
(156|14) -0.5097457300090551
(156|60) 0.745526775094251
(156|101) -0.6858369890647363
(156|112) -0.8107757256730362
(156|121) 0.4902542699909449
(156|133) -0.38480699340075514
(168|14) -0.5097457300090551
(168|19) 0.4281063632421005
(168|60) 0.745526775094251
(168|101) -0.6858369890647363
(168|112) -0.8107757256730362
(168|121) 0.4902542699909449
(168|133) -0.38480699340075514
(168|182) 0.39334425698288855
(180|18) 0.39334425698288855
(180|36) -0.38480699340075514
(180|37) 0.39334425698288855
(180|61) -0.5097457300090551
(180|86) -0.5097457300090551
(180|194) -0.38480699340075514
(181|18) -0.38480699340075514
(181|37) 0.5694355160385697
(181|61) 0.4902542699909449
(181|72) 0.39334425698288855
(181|73) -0.5097457300090551
(181|108) 0.39334425698288855
(182|37) 0.39334425698288855
(182|48) 0.4444967794302698
(182|72) 0.39334425698288855
(182|88) 0.4902542699909449
(182|168) 0.39334425698288855
(183|19) -0.5097457300090551
(183|25) -0.5097457300090551
(183|64) -0.6858369890647363
(183|87) -0.5097457300090551
(183|99) -0.6858369890647363
(183|108) -0.8107757256730362
(183|193) 0.4902542699909449
(184|18) 0.39334425698288855
(184|97) 0.4902542699909449
(184|109) 0.6363823056691829
(184|110) 0.39334425698288855
(184|111) 0.4902542699909449
(184|192) -0.6858369890647363
(184|194) 0.745526775094251
(184|197) -0.5097457300090551
(185|86) -0.43056448396143027
(185|109) -0.6066557430171116
(185|193) -0.38480699340075514
(185|194) -0.6858369890647363
(186|0) -0.43056448396143027
(186|61) -0.5097457300090551
(186|99) -0.5097457300090551
(186|110) -0.5097457300090551
(186|120) -0.43056448396143027
(186|196) -0.5097457300090551
(192|49) -0.6858369890647363
(192|87) -0.6858369890647363
(192|98) -0.9076857386810927
(192|111) 0.4902542699909449
(192|184) -0.6858369890647363
(193|50) -0.5097457300090551
(193|98) -0.5097457300090551
(193|99) 0.4902542699909449
(193|109) 0.39334425698288855
(193|183) 0.4902542699909449
(193|185) -0.38480699340075514
(194|1) 0.745526775094251
(194|60) 0.39334425698288855
(194|97) 0.6943742526468697
(194|98) 0.39334425698288855
(194|99) -0.43056448396143027
(194|101) -0.6858369890647363
(194|108) 0.39334425698288855
(194|110) 0.4902542699909449
(194|180) -0.38480699340075514
(194|184) 0.745526775094251
(194|185) -0.6858369890647363
(195|18) 0.39334425698288855
(195|37) 0.39334425698288855
(195|72) 0.6363823056691829
(195|144) 0.6363823056691829
(196|16) -0.5097457300090551
(196|86) -0.6858369890647363
(196|87) 0.39334425698288855
(196|98) 0.4902542699909449
(196|109) -0.8107757256730362
(196|110) 0.39334425698288855
(196|186) -0.5097457300090551
(197|1) -0.5097457300090551
(197|86) -0.5097457300090551
(197|88) 0.5694355160385697
(197|184) -0.5097457300090551
(198|18) -0.5097457300090551
