(0|102) -0.4644269840914568
(0|133) -0.4644269840914568
(0|180) -0.4644269840914568
(0|186) 0.4898155253478681
(1|16) -0.4644269840914568
(1|50) 0.43866300290048676
(1|63) 0.6817010515867812
(1|73) 0.43866300290048676
(1|112) -0.4644269840914568
(15|65) 0.43866300290048676
(15|108) 0.43866300290048676
(15|109) -0.6405182431471381
(16|1) -0.4644269840914568
(16|86) -0.4644269840914568
(16|102) -0.4644269840914568
(16|111) -0.4644269840914568
(16|182) -0.4644269840914568
(16|192) -0.4644269840914568
(17|49) -0.4644269840914568
(17|50) 0.6817010515867812
(17|61) -0.4644269840914568
(17|65) -0.4644269840914568
(17|73) -0.7276684188660382
(17|98) -0.6405182431471381
(17|110) -0.640518243147138
(17|181) -0.4644269840914568
(17|185) -0.4644269840914568
(18|37) 0.7660219372868171
(18|48) 0.513296621197391
(18|73) 0.43866300290048676
(18|86) 0.5769657010667683
(18|87) 0.43866300290048676
(18|99) 0.43866300290048676
(18|100) 0.43866300290048676
(18|108) 0.6817010515867812
(18|109) 0.5355730159085432
(18|110) 0.6817010515867812
(18|185) 0.43866300290048676
(18|195) 0.43866300290048676
(19|25) -0.4644269840914568
(19|98) -0.6405182431471381
(19|108) 0.43866300290048676
(19|184) -0.6405182431471381
(20|86) -0.6405182431471381
(24|62) -0.4644269840914568
(24|63) 0.41638660818933454
(24|67) -0.5613369970995132
(24|102) -0.4644269840914568
(24|108) 0.400874442011087
(24|200) -0.4644269840914568
(25|19) -0.4644269840914568
(25|48) 0.43866300290048676
(25|88) 0.5355730159085432
(25|98) 0.5355730159085432
(25|99) 0.739692998564468
(25|100) -0.6405182431471381
(25|101) 0.614754261956168
(25|109) 0.43866300290048676
(25|193) 0.614754261956168
(36|64) -0.6405182431471381
(36|73) -0.5783703363982936
(36|102) -0.4644269840914568
(36|108) 0.5355730159085432
(36|113) -0.4644269840914568
(36|196) 0.614754261956168
(37|18) 0.7660219372868171
(37|50) 0.5769657010667683
(37|62) -0.7074650327777512
(37|63) 0.5056097925310999
(37|67) -0.4644269840914568
(37|102) -0.6405182431471381
(37|184) 0.5355730159085432
(37|192) -0.5155795065388381
(37|200) -0.4644269840914568
(48|18) 0.513296621197391
(48|25) 0.43866300290048676
(48|63) 0.43866300290048676
(48|186) 0.43866300290048676
(48|200) -0.4644269840914568
(49|17) -0.4644269840914568
(49|60) -0.4644269840914568
(49|86) -0.5893657206997567
(49|109) -0.5613369970995132
(49|111) -0.4644269840914568
(49|182) -0.8623669927634945
(49|185) -0.4644269840914568
(49|192) -0.8623669927634945
(50|1) 0.43866300290048676
(50|17) 0.6817010515867812
(50|37) 0.5769657010667683
(50|60) 0.8366030115725244
(50|62) -0.6405182431471381
(50|73) -0.6405182431471381
(50|87) 0.5355730159085432
(50|109) 0.614754261956168
(50|111) -0.4644269840914568
(50|181) -0.6405182431471381
(50|193) 0.5355730159085432
(60|49) -0.4644269840914568
(60|50) 0.8366030115725244
(60|73) -0.5613369970995132
(60|196) 0.5355730159085432
(61|17) -0.4644269840914568
(61|100) -0.4644269840914568
(61|112) -0.5613369970995132
(61|183) -0.765456979755438
(61|184) 0.5355730159085432
(61|192) -0.6405182431471381
(62|24) -0.4644269840914568
(62|37) -0.7074650327777512
(62|50) -0.6405182431471381
(62|73) -0.6405182431471381
(62|88) -0.4644269840914568
(62|102) -0.4644269840914568
(62|111) -0.53137377372207
(62|184) -0.6405182431471381
(62|192) -0.4644269840914568
(63|1) 0.6817010515867812
(63|24) 0.41638660818933454
(63|37) 0.5056097925310999
(63|48) 0.43866300290048676
(63|73) 0.43866300290048676
(63|97) -0.4644269840914568
(63|109) 0.5355730159085432
(63|183) 0.5355730159085432
(63|186) 0.43866300290048676
(63|195) 0.43866300290048676
(64|36) -0.6405182431471381
(64|99) -0.6405182431471381
(64|184) 0.5355730159085432
(65|15) 0.43866300290048676
(65|17) -0.4644269840914568
(65|99) -0.4644269840914568
(65|110) 0.43866300290048676
(65|185) -0.4644269840914568
(67|24) -0.5613369970995132
(67|37) -0.4644269840914568
(67|73) -0.6405182431471381
(67|97) -0.4644269840914568
(72|102) -0.53137377372207
(72|108) 0.41638660818933454
(72|186) 0.4898155253478681
(72|200) -0.4644269840914568
(73|1) 0.43866300290048676
(73|17) -0.7276684188660382
(73|18) 0.43866300290048676
(73|36) -0.5783703363982936
(73|50) -0.6405182431471381
(73|60) -0.5613369970995132
(73|62) -0.6405182431471381
(73|63) 0.43866300290048676
(73|67) -0.6405182431471381
(73|87) -0.4644269840914568
(73|111) -0.6405182431471381
(73|182) -0.6405182431471381
(73|185) -0.6405182431471381
(86|16) -0.4644269840914568
(86|18) 0.5769657010667683
(86|20) -0.6405182431471381
(86|49) -0.5893657206997567
(86|102) -0.8623669927634945
(87|18) 0.43866300290048676
(87|50) 0.5355730159085432
(87|73) -0.4644269840914568
(87|98) -0.8623669927634945
(87|99) 0.614754261956168
(87|101) 0.739692998564468
(87|102) -0.4644269840914568
(87|109) -0.5613369970995132
(87|182) -0.4644269840914568
(88|25) 0.5355730159085432
(88|62) -0.4644269840914568
(88|100) -0.4644269840914568
(88|109) 0.43866300290048676
(88|121) 0.43866300290048676
(88|181) -0.8623669927634945
(88|198) 0.43866300290048676
(90|99) -0.4644269840914568
(97|63) -0.4644269840914568
(97|67) -0.4644269840914568
(98|17) -0.6405182431471381
(98|19) -0.6405182431471381
(98|25) 0.5355730159085432
(98|87) -0.8623669927634945
(98|133) -0.4644269840914568
(98|181) -0.4644269840914568
(98|182) -0.4644269840914568
(98|184) 0.739692998564468
(98|196) 0.43866300290048676
(99|18) 0.43866300290048676
(99|25) 0.739692998564468
(99|64) -0.6405182431471381
(99|65) -0.4644269840914568
(99|87) 0.614754261956168
(99|90) -0.4644269840914568
(99|109) -0.5893657206997567
(99|181) 0.5355730159085432
(99|195) -0.4644269840914568
(99|196) 0.43866300290048676
(100|18) 0.43866300290048676
(100|25) -0.6405182431471381
(100|61) -0.4644269840914568
(100|88) -0.4644269840914568
(100|193) -0.5613369970995132
(101|25) 0.614754261956168
(101|87) 0.739692998564468
(101|185) 0.5355730159085432
(102|0) -0.4644269840914568
(102|16) -0.4644269840914568
(102|24) -0.4644269840914568
(102|36) -0.4644269840914568
(102|37) -0.6405182431471381
(102|62) -0.4644269840914568
(102|72) -0.53137377372207
(102|86) -0.8623669927634945
(102|87) -0.4644269840914568
(102|102) -0.53137377372207
(102|120) -0.53137377372207
(102|132) -0.53137377372207
(102|144) -0.53137377372207
(102|156) -0.53137377372207
(102|168) -0.53137377372207
(102|185) -0.4644269840914568
(102|192) -0.6405182431471381
(108|15) 0.43866300290048676
(108|18) 0.6817010515867812
(108|19) 0.43866300290048676
(108|24) 0.400874442011087
(108|36) 0.5355730159085432
(108|72) 0.41638660818933454
(108|183) 0.6817010515867812
(108|184) 0.614754261956168
(108|198) 0.5355730159085432
(109|15) -0.6405182431471381
(109|18) 0.5355730159085432
(109|25) 0.43866300290048676
(109|49) -0.5613369970995132
(109|50) 0.614754261956168
(109|63) 0.5355730159085432
(109|87) -0.5613369970995132
(109|88) 0.43866300290048676
(109|99) -0.5893657206997567
(109|182) -0.4644269840914568
(110|17) -0.640518243147138
(110|18) 0.6817010515867812
(110|65) 0.43866300290048676
(110|184) 0.7908455210118494
(111|16) -0.4644269840914568
(111|49) -0.4644269840914568
(111|50) -0.4644269840914568
(111|62) -0.53137377372207
(111|73) -0.6405182431471381
(111|184) -0.5613369970995132
(112|1) -0.4644269840914568
(112|61) -0.5613369970995132
(112|182) -0.4644269840914568
(112|183) -0.4644269840914568
(113|36) -0.4644269840914568
(120|102) -0.53137377372207
(120|133) -0.4644269840914568
(120|186) 0.5355730159085432
(120|200) -0.4644269840914568
(121|88) 0.43866300290048676
(132|102) -0.53137377372207
(132|186) 0.5355730159085432
(132|199) 0.43866300290048676
(132|200) -0.4644269840914568
(133|0) -0.4644269840914568
(133|98) -0.4644269840914568
(133|120) -0.4644269840914568
(144|102) -0.53137377372207
(144|186) 0.5355730159085432
(144|199) 0.43866300290048676
(144|200) -0.4644269840914568
(156|102) -0.53137377372207
(156|186) 0.5355730159085432
(156|199) 0.43866300290048676
(156|200) -0.4644269840914568
(168|102) -0.53137377372207
(168|186) 0.4898155253478681
(168|200) -0.4644269840914568
(180|0) -0.4644269840914568
(180|192) -0.4644269840914568
(181|17) -0.4644269840914568
(181|50) -0.6405182431471381
(181|88) -0.8623669927634945
(181|98) -0.4644269840914568
(181|99) 0.5355730159085432
(182|16) -0.4644269840914568
(182|49) -0.8623669927634945
(182|73) -0.6405182431471381
(182|87) -0.4644269840914568
(182|98) -0.4644269840914568
(182|109) -0.4644269840914568
(182|112) -0.4644269840914568
(182|192) -0.6405182431471381
(182|198) -0.4644269840914568
(183|61) -0.765456979755438
(183|63) 0.5355730159085432
(183|108) 0.6817010515867812
(183|112) -0.4644269840914568
(183|192) -0.9415482388111193
(184|19) -0.6405182431471381
(184|37) 0.5355730159085432
(184|61) 0.5355730159085432
(184|62) -0.6405182431471381
(184|64) 0.5355730159085432
(184|98) 0.739692998564468
(184|108) 0.614754261956168
(184|110) 0.7908455210118494
(184|111) -0.5613369970995132
(184|193) 0.6817010515867812
(184|196) 0.5355730159085432
(185|17) -0.4644269840914568
(185|18) 0.43866300290048676
(185|49) -0.4644269840914568
(185|65) -0.4644269840914568
(185|73) -0.6405182431471381
(185|101) 0.5355730159085432
(185|102) -0.4644269840914568
(185|196) -0.4644269840914568
(186|0) 0.4898155253478681
(186|48) 0.43866300290048676
(186|63) 0.43866300290048676
(186|72) 0.4898155253478681
(186|120) 0.5355730159085432
(186|132) 0.5355730159085432
(186|144) 0.5355730159085432
(186|156) 0.5355730159085432
(186|168) 0.4898155253478681
(186|186) 0.5355730159085432
(192|16) -0.4644269840914568
(192|37) -0.5155795065388381
(192|49) -0.8623669927634945
(192|61) -0.6405182431471381
(192|62) -0.4644269840914568
(192|102) -0.6405182431471381
(192|180) -0.4644269840914568
(192|182) -0.6405182431471381
(192|183) -0.9415482388111193
(193|25) 0.614754261956168
(193|50) 0.5355730159085432
(193|100) -0.5613369970995132
(193|184) 0.6817010515867812
(195|18) 0.43866300290048676
(195|63) 0.43866300290048676
(195|99) -0.4644269840914568
(196|36) 0.614754261956168
(196|60) 0.5355730159085432
(196|98) 0.43866300290048676
(196|99) 0.43866300290048676
(196|184) 0.5355730159085432
(196|185) -0.4644269840914568
(198|88) 0.43866300290048676
(198|108) 0.5355730159085432
(198|182) -0.4644269840914568
(199|132) 0.43866300290048676
(199|144) 0.43866300290048676
(199|156) 0.43866300290048676
(199|199) 0.43866300290048676
(200|24) -0.4644269840914568
(200|37) -0.4644269840914568
(200|48) -0.4644269840914568
(200|72) -0.4644269840914568
(200|120) -0.4644269840914568
(200|132) -0.4644269840914568
(200|144) -0.4644269840914568
(200|156) -0.4644269840914568
(200|168) -0.4644269840914568
(200|200) -0.4644269840914568
