(0|20) -0.8032619709666747
(0|50) 0.5189573237672446
(0|113) 0.6438960603755445
(0|158) -1.0373451770000428
(0|160) 0.5189573237672446
(0|199) 0.7408060733836009
(1|15) 0.5189573237672446
(1|87) -0.6571339352884368
(1|89) 0.48116876287784477
(1|109) 0.5859041133978578
(14|25) -0.6571339352884368
(15|1) 0.5189573237672446
(15|86) 0.6438960603755445
(15|87) -0.8032619709666747
(15|145) -0.6571339352884368
(15|183) 0.5189573237672446
(16|37) 0.5189573237672446
(16|61) 0.5189573237672446
(16|98) -0.6571339352884368
(17|61) 0.5189573237672446
(17|62) -0.7363151813360616
(17|145) 0.7408060733836009
(17|197) 0.7408060733836009
(18|63) 0.5189573237672446
(18|65) 0.5189573237672446
(18|89) 0.7951637357061936
(18|98) 0.6786581666347564
(18|108) 0.5189573237672446
(18|158) -0.6571339352884368
(18|185) 0.5189573237672446
(18|193) 0.6438960603755445
(19|36) -0.8032619709666747
(19|195) 0.5189573237672446
(19|197) -0.6571339352884368
(20|0) -0.8032619709666747
(20|24) -0.8032619709666747
(24|20) -0.8032619709666747
(24|134) -0.7363151813360616
(24|158) -1.1042919666306559
(24|199) 0.6438960603755445
(25|14) -0.6571339352884368
(25|87) -0.8032619709666747
(25|145) -0.6571339352884368
(25|195) 0.6438960603755445
(36|19) -0.8032619709666747
(36|62) -0.6113764447277616
(36|158) -0.8612539179443615
(36|181) 0.5859041133978578
(36|193) -0.9124064403917428
(36|199) 0.6438960603755445
(37|16) 0.5189573237672446
(37|193) 0.7408060733836009
(48|113) 0.5189573237672446
(48|122) -0.8032619709666747
(48|135) -0.6571339352884368
(48|160) 0.5189573237672446
(48|192) -0.6571339352884368
(49|73) -0.8032619709666747
(49|87) -0.8612539179443615
(49|186) 0.5189573237672446
(49|187) -0.6571339352884368
(49|197) -0.8032619709666747
(50|0) 0.5189573237672446
(50|62) 0.5189573237672446
(50|89) 0.5189573237672446
(50|96) 0.6438960603755445
(50|97) 0.5189573237672446
(50|182) 0.5189573237672446
(50|183) 0.6438960603755445
(50|195) 0.6438960603755445
(60|110) -0.6571339352884368
(61|16) 0.5189573237672446
(61|17) 0.5189573237672446
(61|181) 0.6438960603755445
(61|182) 0.6438960603755445
(61|193) 0.7408060733836009
(61|195) 0.6438960603755445
(62|17) -0.7363151813360616
(62|36) -0.6113764447277616
(62|50) 0.5189573237672446
(63|18) 0.5189573237672446
(63|88) 0.5189573237672446
(63|97) 0.5189573237672446
(63|108) 0.5189573237672446
(63|195) 0.6438960603755445
(64|89) 0.6438960603755445
(65|18) 0.5189573237672446
(65|144) 0.48116876287784477
(65|198) 0.5189573237672446
(66|98) -0.7363151813360616
(72|113) 0.6438960603755445
(72|134) -0.6571339352884368
(72|158) -1.0721072832592549
(72|199) 0.6438960603755445
(73|49) -0.8032619709666747
(73|184) 0.5189573237672446
(73|197) -0.7363151813360616
(86|15) 0.6438960603755445
(87|1) -0.6571339352884368
(87|15) -0.8032619709666747
(87|25) -0.8032619709666747
(87|49) -0.8612539179443615
(87|99) -0.8032619709666747
(87|100) -0.6571339352884368
(87|109) -0.7363151813360616
(87|122) -0.6571339352884368
(87|158) -0.7363151813360616
(87|183) -0.8032619709666747
(88|63) 0.5189573237672446
(88|187) -0.6571339352884368
(88|194) 0.5189573237672446
(89|1) 0.48116876287784477
(89|18) 0.7951637357061936
(89|50) 0.5189573237672446
(89|64) 0.6438960603755445
(89|99) 0.5189573237672446
(89|113) 0.5189573237672446
(89|182) 0.5189573237672446
(89|195) 0.7408060733836009
(96|50) 0.6438960603755445
(96|110) 0.7408060733836009
(96|185) 0.6438960603755445
(97|50) 0.5189573237672446
(97|63) 0.5189573237672446
(97|111) 0.5189573237672446
(97|193) 0.5189573237672446
(98|16) -0.6571339352884368
(98|18) 0.6786581666347564
(98|66) -0.7363151813360616
(98|182) 0.7408060733836009
(98|187) -0.7363151813360616
(98|198) 0.5189573237672446
(99|87) -0.8032619709666747
(99|89) 0.5189573237672446
(99|109) -0.6571339352884368
(99|195) 0.6438960603755445
(100|87) -0.6571339352884368
(100|111) -0.6571339352884368
(108|18) 0.5189573237672446
(108|63) 0.5189573237672446
(108|186) 0.5189573237672446
(108|195) 0.5189573237672446
(109|1) 0.5859041133978578
(109|87) -0.7363151813360616
(109|99) -0.6571339352884368
(110|60) -0.6571339352884368
(110|96) 0.7408060733836009
(110|147) 0.5189573237672446
(110|182) -0.6571339352884368
(110|183) 0.8869341090618389
(111|97) 0.5189573237672446
(111|100) -0.6571339352884368
(111|182) 0.8199873194312257
(111|183) -0.8032619709666747
(111|184) 0.5189573237672446
(111|192) -0.6571339352884368
(113|0) 0.6438960603755445
(113|48) 0.5189573237672446
(113|72) 0.6438960603755445
(113|89) 0.5189573237672446
(113|113) 0.6438960603755445
(113|120) 0.5189573237672446
(113|132) 0.5189573237672446
(113|156) 0.5189573237672446
(113|168) 0.6438960603755445
(120|113) 0.5189573237672446
(120|181) 0.5647148143279196
(120|199) 0.6438960603755445
(122|48) -0.8032619709666747
(122|87) -0.6571339352884368
(122|122) -0.6113764447277616
(122|135) -0.6571339352884368
(122|158) -0.8032619709666747
(122|168) -0.6113764447277616
(132|113) 0.5189573237672446
(132|181) 0.5647148143279196
(132|199) 0.6438960603755445
(134|24) -0.7363151813360616
(134|72) -0.6571339352884368
(134|134) -0.7363151813360616
(134|158) -0.6571339352884368
(134|168) -0.7363151813360616
(135|48) -0.6571339352884368
(135|122) -0.6571339352884368
(144|65) 0.48116876287784477
(144|199) 0.5189573237672446
(145|15) -0.6571339352884368
(145|17) 0.7408060733836009
(145|25) -0.6571339352884368
(147|110) 0.5189573237672446
(147|183) 0.5189573237672446
(156|113) 0.5189573237672446
(156|181) 0.5647148143279196
(156|199) 0.6438960603755445
(158|0) -1.0373451770000428
(158|18) -0.6571339352884368
(158|24) -1.1042919666306559
(158|36) -0.8612539179443615
(158|72) -1.0721072832592549
(158|87) -0.7363151813360616
(158|122) -0.8032619709666747
(158|134) -0.6571339352884368
(158|158) -1.1886128523306918
(158|168) -1.1886128523306918
(160|0) 0.5189573237672446
(160|48) 0.5189573237672446
(160|168) 0.5189573237672446
(168|113) 0.6438960603755445
(168|122) -0.6113764447277616
(168|134) -0.7363151813360616
(168|158) -1.1886128523306918
(168|160) 0.5189573237672446
(168|192) -0.7363151813360616
(168|199) 0.7408060733836009
(181|36) 0.5859041133978578
(181|61) 0.6438960603755445
(181|120) 0.5647148143279196
(181|132) 0.5647148143279196
(181|156) 0.5647148143279196
(182|50) 0.5189573237672446
(182|61) 0.6438960603755445
(182|89) 0.5189573237672446
(182|98) 0.7408060733836009
(182|110) -0.6571339352884368
(182|111) 0.8199873194312257
(182|193) 0.6438960603755445
(183|15) 0.5189573237672446
(183|50) 0.6438960603755445
(183|87) -0.8032619709666747
(183|110) 0.8869341090618389
(183|111) -0.8032619709666747
(183|147) 0.5189573237672446
(183|195) 0.7408060733836009
(183|197) 0.6438960603755445
(184|73) 0.5189573237672446
(184|111) 0.5189573237672446
(184|196) 0.5189573237672446
(184|197) 0.5189573237672446
(185|18) 0.5189573237672446
(185|96) 0.6438960603755445
(185|193) -0.7363151813360616
(185|195) 0.5189573237672446
(186|49) 0.5189573237672446
(186|108) 0.5189573237672446
(187|49) -0.6571339352884368
(187|88) -0.6571339352884368
(187|98) -0.7363151813360616
(192|48) -0.6571339352884368
(192|111) -0.6571339352884368
(192|168) -0.7363151813360616
(192|192) -0.7363151813360616
(193|18) 0.6438960603755445
(193|36) -0.9124064403917428
(193|37) 0.7408060733836009
(193|61) 0.7408060733836009
(193|97) 0.5189573237672446
(193|182) 0.6438960603755445
(193|185) -0.7363151813360616
(194|88) 0.5189573237672446
(195|19) 0.5189573237672446
(195|25) 0.6438960603755445
(195|50) 0.6438960603755445
(195|61) 0.6438960603755445
(195|63) 0.6438960603755445
(195|89) 0.7408060733836009
(195|99) 0.6438960603755445
(195|108) 0.5189573237672446
(195|183) 0.7408060733836009
(195|185) 0.5189573237672446
(196|184) 0.5189573237672446
(197|17) 0.7408060733836009
(197|19) -0.6571339352884368
(197|49) -0.8032619709666747
(197|73) -0.7363151813360616
(197|183) 0.6438960603755445
(197|184) 0.5189573237672446
(198|65) 0.5189573237672446
(198|98) 0.5189573237672446
(199|0) 0.7408060733836009
(199|24) 0.6438960603755445
(199|36) 0.6438960603755445
(199|72) 0.6438960603755445
(199|120) 0.6438960603755445
(199|132) 0.6438960603755445
(199|144) 0.5189573237672446
(199|156) 0.6438960603755445
(199|168) 0.7408060733836009
(199|199) 0.7408060733836009
