(0|16) 0.5791971083684582
(0|18) 0.5511683847682146
(0|53) 0.15322837609617704
(0|61) 0.3750771257125333
(0|62) -0.37504540107086676
(0|63) 0.23240962214380184
(0|66) 0.15322837609617704
(0|73) 0.3962664247824714
(0|90) 0.2201751657267902
(0|98) 0.4357749660661451
(0|100) -0.3560775619948867
(0|101) -0.3238928786234854
(0|106) 0.15322837609617704
(0|115) -0.6249228742874666
(0|170) -0.3238928786234854
(0|185) 0.7368049617301263
(0|192) -0.23957199292344955
(0|195) 0.45425837176015826
(0|196) 0.45425837176015826
(0|199) -0.6249228742874666
(1|15) -0.22698286561542907
(1|16) -0.22698286561542907
(1|17) -0.3238928786234854
(1|18) 0.45425837176015826
(1|48) 0.5511683847682146
(1|49) -0.3238928786234854
(1|51) 0.18799048235538893
(1|53) -0.9259528699514478
(1|65) -0.6249228742874666
(1|72) 0.48902047801937015
(1|73) -0.4787948386092286
(1|85) 0.18799048235538893
(1|88) -0.3238928786234854
(1|97) 0.2201751657267902
(1|98) -0.49998413767916666
(1|99) 0.15322837609617704
(1|102) -0.6249228742874666
(1|108) 0.15322837609617704
(1|109) 0.2201751657267902
(1|110) -0.4030741246711103
(1|133) -0.3238928786234854
(1|173) -0.3238928786234854
(1|183) 0.15322837609617704
(1|184) -0.44883161523178533
(1|193) -0.3238928786234854
(1|194) 0.15322837609617704
(14|36) 0.15322837609617704
(14|48) -0.3238928786234854
(14|60) -0.6249228742874666
(14|61) -0.6249228742874666
(14|86) -0.6249228742874666
(14|97) -0.3238928786234854
(14|169) -0.6249228742874666
(14|181) -0.6249228742874666
(14|186) -0.6249228742874666
(14|192) -0.9259528699514478
(14|196) -0.3238928786234854
(15|1) -0.22698286561542907
(15|25) -0.351921602223729
(15|48) -0.27274035617610415
(15|53) -0.4030741246711103
(15|62) -0.5791653837267915
(15|65) -0.6249228742874666
(15|66) -0.44883161523178533
(15|67) -0.6249228742874666
(15|87) -0.2891307723642735
(15|88) -0.4030741246711103
(15|97) -0.6249228742874666
(15|99) -0.27274035617610415
(15|101) -0.3238928786234854
(15|103) -0.3818848256011722
(15|108) -0.6249228742874666
(15|109) 0.2501383891042334
(15|110) -0.4700209143017235
(15|115) -0.6249228742874666
(15|133) -0.42080289163154183
(15|169) 0.15322837609617704
(15|170) -0.6249228742874666
(15|180) -0.3238928786234854
(15|181) -0.22698286561542907
(15|183) -0.3908396682540986
(15|193) -0.2975639399011363
(15|194) -0.27813538806281035
(15|195) 0.2201751657267902
(16|0) 0.5791971083684582
(16|1) -0.22698286561542907
(16|16) 0.2201751657267902
(16|36) 0.32931963515185825
(16|37) 0.15322837609617704
(16|49) -0.6249228742874666
(16|50) -0.6249228742874666
(16|65) -0.3238928786234854
(16|72) 0.6761071213765145
(16|73) -0.9259528699514478
(16|85) 0.15322837609617704
(16|86) -0.3238928786234854
(16|88) -0.3238928786234854
(16|104) -0.6249228742874666
(16|112) -0.3238928786234854
(16|120) 0.2201751657267902
(16|132) 0.35280073100138115
(16|133) -0.3238928786234854
(16|144) 0.19898586665685208
(16|156) 0.2201751657267902
(16|168) 0.2201751657267902
(16|173) -0.6249228742874666
(16|181) 0.15322837609617704
(16|192) -0.3238928786234854
(16|194) 0.2201751657267902
(17|1) -0.3238928786234854
(17|37) -0.25694608899287225
(17|51) -0.22698286561542907
(17|60) -0.27274035617610415
(17|61) -0.3238928786234854
(17|73) -0.9259528699514478
(17|84) -0.9259528699514478
(17|88) -0.3238928786234854
(17|97) -0.3238928786234854
(17|100) -0.9259528699514478
(17|101) -0.6249228742874666
(17|109) -0.3238928786234854
(17|110) -0.3238928786234854
(17|111) -0.44883161523178533
(17|169) -0.3238928786234854
(17|181) -0.6249228742874666
(17|184) -0.6249228742874666
(17|185) 0.2201751657267902
(17|193) -0.8010141333431479
(17|194) -0.3238928786234854
(18|0) 0.5511683847682146
(18|1) 0.45425837176015826
(18|18) 0.5054108942075395
(18|24) 0.47198713872058984
(18|36) 0.45425837176015826
(18|37) 0.5511683847682146
(18|48) 0.45425837176015826
(18|60) 0.5212051613907714
(18|72) 0.35280073100138115
(18|85) 0.45425837176015826
(18|100) -0.44883161523178533
(18|108) 0.2201751657267902
(18|109) 0.27816711270447697
(18|120) 0.5054108942075395
(18|132) 0.47198713872058984
(18|144) 0.5054108942075395
(18|156) 0.48902047801937015
(18|168) 0.6972964204464526
(18|172) -0.6249228742874666
(18|182) -0.22698286561542907
(18|192) -0.6249228742874666
(18|193) 0.41646981087075835
(24|18) 0.47198713872058984
(24|48) 0.202076943633994
(24|50) 0.27816711270447697
(24|61) 0.3750771257125333
(24|63) 0.3044960514268261
(24|64) 0.15322837609617704
(24|65) -0.44883161523178533
(24|66) -0.4030741246711103
(24|87) 0.48902047801937015
(24|88) -0.3238928786234854
(24|90) 0.27816711270447697
(24|100) -0.3238928786234854
(24|104) 0.15322837609617704
(24|108) 0.24037855181507714
(24|114) -0.6249228742874666
(24|133) -0.25694608899287225
(24|169) 0.41646981087075835
(24|170) -0.3238928786234854
(24|172) -0.44883161523178533
(24|184) -0.22698286561542907
(24|185) 0.6972964204464526
(24|186) -0.3238928786234854
(24|195) 0.45425837176015826
(25|15) -0.351921602223729
(25|37) -0.3238928786234854
(25|48) -0.8010141333431479
(25|62) -0.6249228742874666
(25|63) 0.2201751657267902
(25|64) -0.3238928786234854
(25|67) -0.3238928786234854
(25|73) -0.3238928786234854
(25|87) -0.5457416282398417
(25|97) -0.3238928786234854
(25|98) 0.15322837609617704
(25|100) -0.22698286561542907
(25|101) -0.3238928786234854
(25|102) -0.3238928786234854
(25|103) -0.6249228742874666
(25|106) -0.3238928786234854
(25|108) -0.9259528699514478
(25|109) 0.2201751657267902
(25|169) -0.22698286561542907
(25|180) -0.3238928786234854
(25|182) -0.22698286561542907
(25|183) -0.44883161523178533
(25|184) 0.2201751657267902
(25|192) -0.44883161523178533
(25|194) -0.27274035617610415
(36|14) 0.15322837609617704
(36|16) 0.32931963515185825
(36|18) 0.45425837176015826
(36|48) -0.3027035795535474
(36|49) 0.2201751657267902
(36|62) -0.5669309273097799
(36|63) 0.27816711270447697
(36|64) -0.22698286561542907
(36|84) -0.25694608899287225
(36|86) 0.35280073100138115
(36|87) -0.2447116325758606
(36|98) 0.2501383891042334
(36|100) -0.27274035617610415
(36|101) -0.22698286561542907
(36|102) -0.44883161523178533
(36|103) -0.3238928786234854
(36|172) -0.6249228742874666
(36|184) 0.15322837609617704
(36|185) 0.45425837176015826
(36|192) -0.22698286561542907
(36|194) -0.23957199292344955
(36|195) 0.27816711270447697
(36|199) -0.6249228742874666
(37|16) 0.15322837609617704
(37|17) -0.25694608899287225
(37|18) 0.5511683847682146
(37|25) -0.3238928786234854
(37|48) 0.3750771257125334
(37|50) 0.2201751657267902
(37|63) 0.2958958796649086
(37|64) 0.32931963515185825
(37|65) -0.44883161523178533
(37|66) -0.8010141333431479
(37|87) 0.3750771257125333
(37|88) -0.3818848256011722
(37|100) -0.3238928786234854
(37|108) 0.2201751657267902
(37|109) 0.15322837609617704
(37|110) -0.2939296552460422
(37|133) -0.25694608899287225
(37|169) 0.3750771257125333
(37|170) -0.3238928786234854
(37|172) -0.3238928786234854
(37|183) 0.17670947194569991
(37|184) -0.2939296552460422
(37|186) -0.3238928786234854
(48|1) 0.5511683847682146
(48|14) -0.3238928786234854
(48|15) -0.27274035617610415
(48|18) 0.45425837176015826
(48|24) 0.202076943633994
(48|25) -0.8010141333431479
(48|36) -0.3027035795535474
(48|37) 0.3750771257125334
(48|62) -0.6918696639180798
(48|73) 0.5511683847682146
(48|84) -0.3238928786234854
(48|86) 0.45425837176015826
(48|87) -0.44883161523178533
(48|99) -0.44883161523178533
(48|100) -0.3818848256011722
(48|101) -0.3238928786234854
(48|102) -0.6249228742874666
(48|106) -0.3238928786234854
(48|108) 0.27816711270447697
(48|110) -0.36965036918416055
(48|114) -0.6249228742874666
(48|115) -0.6249228742874666
(48|133) -0.44883161523178533
(48|169) 0.27816711270447697
(48|193) -0.2447116325758606
(49|1) -0.3238928786234854
(49|16) -0.6249228742874666
(49|36) 0.2201751657267902
(49|60) -0.3238928786234854
(49|66) -0.6249228742874666
(49|73) -0.3238928786234854
(49|86) -0.6249228742874666
(49|102) -0.3238928786234854
(49|111) -0.6249228742874666
(49|112) -0.3238928786234854
(49|181) -0.6249228742874666
(49|183) -0.22698286561542907
(49|193) -0.4030741246711103
(50|16) -0.6249228742874666
(50|24) 0.27816711270447697
(50|37) 0.2201751657267902
(50|50) 0.3750771257125333
(50|65) -0.3238928786234854
(50|120) 0.32931963515185825
(50|144) 0.3750771257125333
(50|156) 0.3750771257125333
(50|194) -0.3238928786234854
(51|1) 0.18799048235538893
(51|17) -0.22698286561542907
(51|65) -0.22698286561542907
(51|67) -0.3238928786234854
(51|73) -0.6249228742874666
(51|85) 0.2201751657267902
(51|86) 0.2501383891042334
(51|88) -0.3238928786234854
(51|97) -0.36965036918416055
(51|100) -0.22698286561542907
(51|110) -0.3238928786234854
(51|111) 0.18799048235538893
(51|169) -0.3238928786234854
(51|172) -0.6249228742874666
(51|181) -0.4030741246711103
(51|184) -0.2891307723642735
(51|185) 0.48902047801937015
(51|199) -0.6249228742874666
(53|0) 0.15322837609617704
(53|1) -0.9259528699514478
(53|15) -0.4030741246711103
(53|66) -0.6249228742874666
(53|73) -0.3238928786234854
(53|86) -0.7498616108957665
(53|98) -0.44883161523178533
(53|100) -0.3238928786234854
(53|109) -0.3238928786234854
(53|111) -0.3238928786234854
(53|132) 0.18799048235538893
(53|168) -0.25694608899287225
(53|172) -0.6249228742874666
(53|182) -0.6249228742874666
(53|184) -0.3238928786234854
(53|192) -0.6249228742874666
(53|194) -0.6249228742874666
(60|14) -0.6249228742874666
(60|17) -0.27274035617610415
(60|18) 0.5212051613907714
(60|49) -0.3238928786234854
(60|84) -0.9259528699514478
(60|87) 0.2201751657267902
(60|99) 0.2201751657267902
(60|100) -0.44883161523178533
(60|102) -0.9259528699514478
(60|104) -0.6249228742874666
(60|181) -0.3818848256011722
(60|183) 0.15322837609617704
(60|192) -0.4030741246711103
(60|193) -0.3238928786234855
(60|194) 0.41646981087075835
(61|0) 0.3750771257125333
(61|14) -0.6249228742874666
(61|17) -0.3238928786234854
(61|24) 0.3750771257125333
(61|61) 0.45425837176015826
(61|72) 0.3750771257125333
(61|88) -0.3238928786234854
(61|97) -0.44883161523178533
(61|120) 0.41646981087075835
(61|132) 0.3962664247824714
(61|144) 0.4357749660661451
(61|156) 0.45425837176015826
(61|168) 0.14349996130694792
(61|169) -0.6249228742874666
(61|194) 0.15322837609617704
(61|196) -0.3238928786234854
(62|0) -0.37504540107086676
(62|15) -0.5791653837267915
(62|25) -0.6249228742874666
(62|36) -0.5669309273097799
(62|48) -0.6918696639180798
(62|62) -0.3238928786234854
(62|72) -0.3818848256011722
(62|84) -0.3238928786234854
(62|85) -0.7498616108957665
(62|86) 0.32931963515185825
(62|87) -0.6249228742874666
(62|88) -0.6249228742874666
(62|98) -0.6249228742874666
(62|99) -0.8010141333431479
(62|100) -0.3238928786234854
(62|101) -0.6249228742874666
(62|103) -0.3238928786234854
(62|106) -0.6249228742874666
(62|110) -0.6249228742874666
(62|120) -0.27274035617610415
(62|132) -0.3238928786234854
(62|133) -0.3238928786234854
(62|144) -0.34871646234851755
(62|156) -0.3238928786234854
(62|168) -0.3818848256011722
(62|181) -0.44883161523178533
(62|182) -0.9259528699514478
(62|183) -0.49998413767916666
(62|184) -0.22698286561542907
(62|192) -0.49998413767916666
(62|193) -0.22698286561542907
(62|194) -0.44883161523178533
(63|0) 0.23240962214380184
(63|24) 0.3044960514268261
(63|25) 0.2201751657267902
(63|36) 0.27816711270447697
(63|37) 0.2958958796649086
(63|63) 0.2888909780962501
(63|72) 0.3044960514268261
(63|73) 0.2201751657267902
(63|85) 0.2201751657267902
(63|86) 0.27816711270447697
(63|87) 0.2201751657267902
(63|97) -0.6249228742874666
(63|109) 0.18799048235538893
(63|110) -0.22698286561542907
(63|112) 0.27816711270447697
(63|120) 0.2781671127044769
(63|132) 0.24430884544350953
(63|144) 0.2888909780962501
(63|156) 0.2888909780962501
(63|168) 0.15322837609617704
(63|183) 0.27816711270447697
(63|185) 0.2201751657267902
(63|193) 0.2501383891042334
(64|24) 0.15322837609617704
(64|25) -0.3238928786234854
(64|36) -0.22698286561542907
(64|37) 0.32931963515185825
(64|86) -0.3238928786234854
(64|103) -0.3238928786234854
(64|110) -0.3238928786234854
(64|180) -0.6249228742874666
(64|193) -0.3238928786234854
(65|1) -0.6249228742874666
(65|15) -0.6249228742874666
(65|16) -0.3238928786234854
(65|24) -0.44883161523178533
(65|37) -0.44883161523178533
(65|50) -0.3238928786234854
(65|51) -0.22698286561542907
(65|65) -0.28250019346526045
(65|73) -0.9259528699514478
(65|86) -0.44883161523178533
(65|87) -0.22698286561542907
(65|98) -0.44883161523178533
(65|102) -0.6249228742874666
(65|108) -0.44883161523178533
(65|109) -0.44883161523178533
(65|120) -0.3238928786234855
(65|133) -0.9259528699514478
(65|144) -0.36965036918416055
(65|156) -0.28250019346526045
(65|168) -0.5280128612794103
(65|184) -0.6249228742874666
(65|193) -0.3238928786234854
(65|194) -0.6249228742874666
(66|0) 0.15322837609617704
(66|15) -0.44883161523178533
(66|24) -0.4030741246711103
(66|37) -0.8010141333431479
(66|49) -0.6249228742874666
(66|53) -0.6249228742874666
(66|66) -0.3238928786234854
(66|73) -0.9259528699514478
(66|88) -0.6249228742874666
(66|97) -0.3238928786234854
(66|98) -0.3238928786234854
(66|120) -0.3238928786234854
(66|132) 0.15322837609617704
(66|144) -0.3238928786234854
(66|156) -0.3238928786234854
(66|172) -0.6249228742874666
(66|181) -0.44883161523178533
(67|15) -0.6249228742874666
(67|25) -0.3238928786234854
(67|51) -0.3238928786234854
(67|87) -0.3238928786234854
(67|108) -0.6249228742874666
(67|169) -0.3238928786234854
(72|1) 0.48902047801937015
(72|16) 0.6761071213765145
(72|18) 0.35280073100138115
(72|61) 0.3750771257125333
(72|62) -0.3818848256011722
(72|63) 0.3044960514268261
(72|90) 0.2201751657267902
(72|97) 0.17670947194569991
(72|98) 0.3750771257125333
(72|100) -0.2975639399011363
(72|103) -0.27274035617610415
(72|106) 0.2201751657267902
(72|109) 0.18799048235538893
(72|111) 0.31292921896368886
(72|114) -0.6249228742874666
(72|115) -0.6249228742874666
(72|169) 0.2201751657267902
(72|170) -0.3238928786234854
(72|172) -0.6249228742874666
(72|185) 0.1394592840892905
(72|192) -0.2659009316457987
(72|195) 0.32931963515185825
(72|196) 0.5212051613907714
(72|199) -0.6249228742874666
(73|0) 0.3962664247824714
(73|1) -0.4787948386092286
(73|16) -0.9259528699514478
(73|17) -0.9259528699514478
(73|25) -0.3238928786234854
(73|48) 0.5511683847682146
(73|49) -0.3238928786234854
(73|51) -0.6249228742874666
(73|53) -0.3238928786234854
(73|63) 0.2201751657267902
(73|65) -0.9259528699514478
(73|66) -0.9259528699514478
(73|85) 0.27816711270447697
(73|88) -0.49998413767916666
(73|97) -0.3238928786234854
(73|98) -0.25694608899287225
(73|102) -0.6249228742874666
(73|111) -0.8010141333431479
(73|133) -0.6249228742874666
(73|169) 0.15322837609617704
(73|172) -0.3238928786234854
(73|181) -0.22698286561542907
(73|183) -0.3238928786234854
(73|194) -0.44883161523178533
(73|196) -0.6249228742874666
(84|17) -0.9259528699514478
(84|36) -0.25694608899287225
(84|48) -0.3238928786234854
(84|60) -0.9259528699514478
(84|62) -0.3238928786234854
(84|101) -0.3238928786234854
(84|106) -0.6249228742874666
(84|110) -0.6249228742874666
(84|115) -0.6249228742874666
(84|181) -0.22698286561542907
(84|182) -0.3238928786234854
(84|193) 0.15322837609617704
(84|194) -0.44883161523178533
(85|1) 0.18799048235538893
(85|16) 0.15322837609617704
(85|18) 0.45425837176015826
(85|51) 0.2201751657267902
(85|62) -0.7498616108957665
(85|63) 0.2201751657267902
(85|73) 0.27816711270447697
(85|99) -0.22698286561542907
(85|100) -0.22698286561542907
(85|102) -0.6249228742874666
(85|110) 0.15322837609617704
(85|111) -0.3238928786234854
(85|114) -0.6249228742874666
(85|182) 0.15322837609617704
(85|193) -0.3238928786234855
(86|14) -0.6249228742874666
(86|16) -0.3238928786234854
(86|36) 0.35280073100138115
(86|48) 0.45425837176015826
(86|49) -0.6249228742874666
(86|51) 0.2501383891042334
(86|53) -0.7498616108957665
(86|62) 0.32931963515185825
(86|63) 0.27816711270447697
(86|64) -0.3238928786234854
(86|65) -0.44883161523178533
(86|98) -0.22698286561542907
(86|100) -0.22698286561542907
(86|110) -0.3818848256011722
(86|111) 0.3750771257125333
(86|121) -0.3238928786234854
(86|132) 0.19462106125440207
(86|133) -0.3238928786234854
(86|170) -0.6249228742874666
(86|181) -0.5280128612794103
(86|182) -0.4030741246711103
(86|184) 0.15322837609617704
(86|192) -0.44883161523178533
(87|15) -0.2891307723642735
(87|24) 0.48902047801937015
(87|25) -0.5457416282398417
(87|36) -0.2447116325758606
(87|37) 0.3750771257125333
(87|48) -0.44883161523178533
(87|60) 0.2201751657267902
(87|62) -0.6249228742874666
(87|63) 0.2201751657267902
(87|65) -0.22698286561542907
(87|67) -0.3238928786234854
(87|98) 0.2201751657267902
(87|100) -0.3238928786234854
(87|101) -0.3238928786234854
(87|108) -0.25694608899287225
(87|109) 0.32931963515185825
(87|111) 0.2201751657267902
(87|169) 0.15322837609617704
(87|180) -0.6249228742874666
(87|182) 0.32931963515185825
(87|183) -0.49998413767916666
(87|193) -0.3238928786234854
(88|1) -0.3238928786234854
(88|15) -0.4030741246711103
(88|16) -0.3238928786234854
(88|17) -0.3238928786234854
(88|24) -0.3238928786234854
(88|37) -0.3818848256011722
(88|51) -0.3238928786234854
(88|61) -0.3238928786234854
(88|62) -0.6249228742874666
(88|66) -0.6249228742874666
(88|73) -0.49998413767916666
(88|97) -0.3238928786234854
(88|98) -0.22698286561542907
(88|101) -0.6249228742874666
(88|109) -0.4030741246711103
(88|110) -0.49998413767916666
(88|169) -0.3238928786234854
(88|172) -0.6249228742874666
(88|173) -0.6249228742874666
(88|181) -0.3238928786234854
(88|184) -0.8010141333431479
(88|185) 0.2201751657267902
(88|186) -0.6249228742874666
(88|194) -0.44883161523178533
(88|196) -0.44883161523178533
(90|0) 0.2201751657267902
(90|24) 0.27816711270447697
(90|72) 0.2201751657267902
(90|90) 0.27816711270447697
(90|97) -0.3238928786234854
(90|111) -0.3238928786234854
(90|120) 0.27816711270447697
(90|132) 0.27816711270447697
(90|144) 0.27816711270447697
(90|156) 0.27816711270447697
(90|184) -0.6249228742874666
(97|1) 0.2201751657267902
(97|14) -0.3238928786234854
(97|15) -0.6249228742874666
(97|17) -0.3238928786234854
(97|25) -0.3238928786234854
(97|51) -0.36965036918416055
(97|61) -0.44883161523178533
(97|63) -0.6249228742874666
(97|66) -0.3238928786234854
(97|72) 0.17670947194569991
(97|73) -0.3238928786234854
(97|88) -0.3238928786234854
(97|90) -0.3238928786234854
(97|111) -0.6249228742874666
(97|168) 0.2201751657267902
(97|172) -0.3238928786234854
(97|185) 0.32931963515185825
(97|194) -0.49998413767916666
(98|0) 0.4357749660661451
(98|1) -0.49998413767916666
(98|25) 0.15322837609617704
(98|36) 0.2501383891042334
(98|53) -0.44883161523178533
(98|62) -0.6249228742874666
(98|65) -0.44883161523178533
(98|66) -0.3238928786234854
(98|72) 0.3750771257125333
(98|73) -0.25694608899287225
(98|86) -0.22698286561542907
(98|87) 0.2201751657267902
(98|88) -0.22698286561542907
(98|108) -0.3238928786234854
(98|109) 0.27816711270447697
(98|110) 0.32931963515185825
(98|132) 0.31292921896368886
(98|133) -0.9259528699514478
(98|168) 0.15322837609617704
(98|169) 0.27816711270447697
(98|173) -0.6249228742874666
(98|183) 0.15322837609617704
(98|199) -0.6249228742874666
(99|1) 0.15322837609617704
(99|15) -0.27274035617610415
(99|48) -0.44883161523178533
(99|60) 0.2201751657267902
(99|62) -0.8010141333431479
(99|85) -0.22698286561542907
(99|110) -0.6249228742874666
(99|132) 0.15322837609617704
(99|133) -0.9259528699514478
(99|183) -0.3238928786234854
(99|184) -0.3238928786234854
(99|193) -0.3238928786234854
(99|194) 0.15322837609617704
(100|0) -0.3560775619948867
(100|17) -0.9259528699514478
(100|18) -0.44883161523178533
(100|24) -0.3238928786234854
(100|25) -0.22698286561542907
(100|36) -0.27274035617610415
(100|37) -0.3238928786234854
(100|48) -0.3818848256011722
(100|51) -0.22698286561542907
(100|53) -0.3238928786234854
(100|60) -0.44883161523178533
(100|62) -0.3238928786234854
(100|72) -0.2975639399011363
(100|85) -0.22698286561542907
(100|86) -0.22698286561542907
(100|87) -0.3238928786234854
(100|100) -0.2975639399011363
(100|108) -0.9259528699514478
(100|109) -0.3238928786234854
(100|112) -0.44883161523178533
(100|120) -0.2975639399011363
(100|132) -0.3238928786234854
(100|144) -0.2975639399011363
(100|156) -0.2975639399011363
(100|168) -0.2659009316457987
(100|181) -0.44883161523178533
(100|182) -0.8010141333431479
(100|183) -0.49998413767916666
(100|192) -0.49998413767916666
(100|193) -0.5280128612794103
(101|0) -0.3238928786234854
(101|15) -0.3238928786234854
(101|17) -0.6249228742874666
(101|25) -0.3238928786234854
(101|36) -0.22698286561542907
(101|48) -0.3238928786234854
(101|62) -0.6249228742874666
(101|84) -0.3238928786234854
(101|87) -0.3238928786234854
(101|88) -0.6249228742874666
(101|109) -0.3238928786234854
(101|133) -0.3238928786234854
(101|169) -0.6249228742874666
(101|182) 0.15322837609617704
(101|184) -0.6249228742874666
(101|193) 0.15322837609617704
(101|194) -0.49998413767916666
(102|1) -0.6249228742874666
(102|25) -0.3238928786234854
(102|36) -0.44883161523178533
(102|48) -0.6249228742874666
(102|49) -0.3238928786234854
(102|60) -0.9259528699514478
(102|65) -0.6249228742874666
(102|73) -0.6249228742874666
(102|85) -0.6249228742874666
(102|111) -0.3238928786234854
(102|112) 0.15322837609617704
(102|168) -0.22698286561542907
(102|183) -0.4030741246711103
(102|184) -0.3238928786234854
(103|15) -0.3818848256011722
(103|25) -0.6249228742874666
(103|36) -0.3238928786234854
(103|62) -0.3238928786234854
(103|64) -0.3238928786234854
(103|72) -0.27274035617610415
(103|110) -0.8010141333431479
(103|121) -0.3238928786234854
(103|168) -0.3238928786234854
(103|180) -0.6249228742874666
(103|181) -0.3238928786234854
(103|192) -0.3238928786234854
(103|193) -0.25694608899287225
(104|16) -0.6249228742874666
(104|24) 0.15322837609617704
(104|60) -0.6249228742874666
(104|104) 0.15322837609617704
(104|120) 0.15322837609617704
(104|132) 0.15322837609617704
(104|144) 0.15322837609617704
(104|156) 0.15322837609617704
(104|181) -0.6249228742874666
(106|0) 0.15322837609617704
(106|25) -0.3238928786234854
(106|48) -0.3238928786234854
(106|62) -0.6249228742874666
(106|72) 0.2201751657267902
(106|84) -0.6249228742874666
(106|106) 0.2201751657267902
(106|115) -0.6249228742874666
(106|120) 0.15322837609617704
(106|144) 0.15322837609617704
(106|156) 0.2201751657267902
(106|181) -0.3238928786234854
(106|194) -0.6249228742874666
(108|1) 0.15322837609617704
(108|15) -0.6249228742874666
(108|18) 0.2201751657267902
(108|24) 0.24037855181507714
(108|25) -0.9259528699514478
(108|37) 0.2201751657267902
(108|48) 0.27816711270447697
(108|65) -0.44883161523178533
(108|67) -0.6249228742874666
(108|87) -0.25694608899287225
(108|98) -0.3238928786234854
(108|100) -0.9259528699514478
(108|182) -0.6249228742874666
(108|183) -0.4030741246711103
(108|184) -0.3238928786234854
(108|193) -0.44883161523178533
(108|195) -0.6249228742874666
(109|1) 0.2201751657267902
(109|15) 0.2501383891042334
(109|17) -0.3238928786234854
(109|18) 0.27816711270447697
(109|25) 0.2201751657267902
(109|37) 0.15322837609617704
(109|53) -0.3238928786234854
(109|63) 0.18799048235538893
(109|65) -0.44883161523178533
(109|72) 0.18799048235538893
(109|87) 0.32931963515185825
(109|88) -0.4030741246711103
(109|98) 0.27816711270447697
(109|100) -0.3238928786234854
(109|101) -0.3238928786234854
(109|132) 0.2501383891042334
(109|133) -0.44883161523178533
(109|168) 0.24037855181507714
(109|169) 0.27816711270447697
(109|172) -0.6249228742874666
(109|182) 0.2201751657267902
(109|184) -0.4030741246711103
(109|185) 0.27816711270447697
(109|186) -0.3238928786234854
(109|194) -0.3818848256011722
(110|1) -0.4030741246711103
(110|15) -0.4700209143017235
(110|17) -0.3238928786234854
(110|37) -0.2939296552460422
(110|48) -0.36965036918416055
(110|51) -0.3238928786234854
(110|62) -0.6249228742874666
(110|63) -0.22698286561542907
(110|64) -0.3238928786234854
(110|84) -0.6249228742874666
(110|85) 0.15322837609617704
(110|86) -0.3818848256011722
(110|88) -0.49998413767916666
(110|98) 0.32931963515185825
(110|99) -0.6249228742874666
(110|103) -0.8010141333431479
(110|121) -0.6249228742874666
(110|132) -0.2349517952867044
(110|168) -0.2861043177340856
(110|172) -0.6249228742874666
(110|181) -0.6249228742874666
(110|183) 0.32931963515185825
(110|184) -0.3238928786234854
(110|192) -0.22698286561542907
(110|193) -0.6249228742874666
(111|17) -0.44883161523178533
(111|49) -0.6249228742874666
(111|51) 0.18799048235538893
(111|53) -0.3238928786234854
(111|72) 0.31292921896368886
(111|73) -0.8010141333431479
(111|85) -0.3238928786234854
(111|86) 0.3750771257125333
(111|87) 0.2201751657267902
(111|90) -0.3238928786234854
(111|97) -0.6249228742874666
(111|102) -0.3238928786234854
(111|133) -0.6249228742874666
(111|182) -0.3238928786234854
(111|183) 0.2201751657267902
(111|194) -0.22698286561542907
(112|16) -0.3238928786234854
(112|49) -0.3238928786234854
(112|63) 0.27816711270447697
(112|100) -0.44883161523178533
(112|102) 0.15322837609617704
(112|132) 0.2201751657267902
(112|133) -0.3238928786234854
(112|182) 0.2201751657267902
(112|183) -0.3238928786234854
(112|192) -0.3238928786234854
(112|193) 0.27816711270447697
(114|24) -0.6249228742874666
(114|48) -0.6249228742874666
(114|72) -0.6249228742874666
(114|85) -0.6249228742874666
(114|114) -0.6249228742874666
(114|120) -0.6249228742874666
(114|132) -0.6249228742874666
(114|144) -0.6249228742874666
(114|156) -0.6249228742874666
(114|168) -0.6249228742874666
(115|0) -0.6249228742874666
(115|15) -0.6249228742874666
(115|48) -0.6249228742874666
(115|72) -0.6249228742874666
(115|84) -0.6249228742874666
(115|106) -0.6249228742874666
(115|115) -0.6249228742874666
(115|120) -0.6249228742874666
(115|132) -0.6249228742874666
(115|144) -0.6249228742874666
(115|156) -0.6249228742874666
(115|168) -0.6249228742874666
(115|181) -0.6249228742874666
(120|16) 0.2201751657267902
(120|18) 0.5054108942075395
(120|50) 0.32931963515185825
(120|61) 0.41646981087075835
(120|62) -0.27274035617610415
(120|63) 0.2781671127044769
(120|65) -0.3238928786234855
(120|66) -0.3238928786234854
(120|90) 0.27816711270447697
(120|100) -0.2975639399011363
(120|104) 0.15322837609617704
(120|106) 0.15322837609617704
(120|114) -0.6249228742874666
(120|115) -0.6249228742874666
(120|133) -0.28250019346526045
(120|169) 0.18799048235538893
(120|170) -0.6249228742874666
(120|172) -0.44883161523178533
(120|180) 0.27816711270447697
(120|185) 0.773017134384571
(120|195) 0.5212051613907714
(120|196) 0.2501383891042334
(120|199) -0.6249228742874666
(121|86) -0.3238928786234854
(121|103) -0.3238928786234854
(121|110) -0.6249228742874666
(121|168) -0.3238928786234854
(121|192) -0.6249228742874666
(132|16) 0.35280073100138115
(132|18) 0.47198713872058984
(132|53) 0.18799048235538893
(132|61) 0.3962664247824714
(132|62) -0.3238928786234854
(132|63) 0.24430884544350953
(132|66) 0.15322837609617704
(132|86) 0.19462106125440207
(132|90) 0.27816711270447697
(132|98) 0.31292921896368886
(132|99) 0.15322837609617704
(132|100) -0.3238928786234854
(132|104) 0.15322837609617704
(132|109) 0.2501383891042334
(132|110) -0.2349517952867044
(132|112) 0.2201751657267902
(132|114) -0.6249228742874666
(132|115) -0.6249228742874666
(132|169) 0.15322837609617704
(132|172) -0.44883161523178533
(132|180) 0.27816711270447697
(132|185) 0.7368049617301263
(132|195) 0.5212051613907714
(132|196) 0.2201751657267902
(132|199) -0.6249228742874666
(133|1) -0.3238928786234854
(133|15) -0.42080289163154183
(133|16) -0.3238928786234854
(133|24) -0.25694608899287225
(133|37) -0.25694608899287225
(133|48) -0.44883161523178533
(133|62) -0.3238928786234854
(133|65) -0.9259528699514478
(133|73) -0.6249228742874666
(133|86) -0.3238928786234854
(133|98) -0.9259528699514478
(133|99) -0.9259528699514478
(133|101) -0.3238928786234854
(133|109) -0.44883161523178533
(133|111) -0.6249228742874666
(133|112) -0.3238928786234854
(133|120) -0.28250019346526045
(133|144) -0.25694608899287225
(133|170) -0.6249228742874666
(133|181) -0.6249228742874666
(133|182) -0.3238928786234854
(133|184) -0.3238928786234854
(133|192) -0.9259528699514478
(133|194) -0.22698286561542907
(144|16) 0.19898586665685208
(144|18) 0.5054108942075395
(144|50) 0.3750771257125333
(144|61) 0.4357749660661451
(144|62) -0.34871646234851755
(144|63) 0.2888909780962501
(144|65) -0.36965036918416055
(144|66) -0.3238928786234854
(144|90) 0.27816711270447697
(144|100) -0.2975639399011363
(144|104) 0.15322837609617704
(144|106) 0.15322837609617704
(144|114) -0.6249228742874666
(144|115) -0.6249228742874666
(144|133) -0.25694608899287225
(144|169) 0.2043808985435583
(144|170) -0.3238928786234854
(144|172) -0.44883161523178533
(144|180) 0.27816711270447697
(144|185) 0.7368049617301263
(144|195) 0.5212051613907714
(144|196) 0.18799048235538893
(144|199) -0.6249228742874666
(156|16) 0.2201751657267902
(156|18) 0.48902047801937015
(156|50) 0.3750771257125333
(156|61) 0.45425837176015826
(156|62) -0.3238928786234854
(156|63) 0.2888909780962501
(156|65) -0.28250019346526045
(156|66) -0.3238928786234854
(156|90) 0.27816711270447697
(156|100) -0.2975639399011363
(156|104) 0.15322837609617704
(156|106) 0.2201751657267902
(156|114) -0.6249228742874666
(156|115) -0.6249228742874666
(156|169) 0.18799048235538893
(156|170) -0.3238928786234854
(156|172) -0.44883161523178533
(156|180) 0.27816711270447697
(156|185) 0.773017134384571
(156|195) 0.5212051613907714
(156|196) 0.2501383891042334
(156|199) -0.6249228742874666
(168|16) 0.2201751657267902
(168|18) 0.6972964204464526
(168|53) -0.25694608899287225
(168|61) 0.14349996130694792
(168|62) -0.3818848256011722
(168|63) 0.15322837609617704
(168|65) -0.5280128612794103
(168|97) 0.2201751657267902
(168|98) 0.15322837609617704
(168|100) -0.2659009316457987
(168|102) -0.22698286561542907
(168|103) -0.3238928786234854
(168|109) 0.24037855181507714
(168|110) -0.2861043177340856
(168|114) -0.6249228742874666
(168|115) -0.6249228742874666
(168|121) -0.3238928786234854
(168|181) -0.2975639399011363
(168|185) 0.6538307266653623
(168|195) 0.3750771257125333
(169|14) -0.6249228742874666
(169|15) 0.15322837609617704
(169|17) -0.3238928786234854
(169|24) 0.41646981087075835
(169|25) -0.22698286561542907
(169|37) 0.3750771257125333
(169|48) 0.27816711270447697
(169|51) -0.3238928786234854
(169|61) -0.6249228742874666
(169|67) -0.3238928786234854
(169|72) 0.2201751657267902
(169|73) 0.15322837609617704
(169|87) 0.15322837609617704
(169|88) -0.3238928786234854
(169|98) 0.27816711270447697
(169|101) -0.6249228742874666
(169|109) 0.27816711270447697
(169|120) 0.18799048235538893
(169|132) 0.15322837609617704
(169|144) 0.2043808985435583
(169|156) 0.18799048235538893
(169|169) 0.2043808985435583
(169|184) 0.2201751657267902
(170|0) -0.3238928786234854
(170|15) -0.6249228742874666
(170|24) -0.3238928786234854
(170|37) -0.3238928786234854
(170|72) -0.3238928786234854
(170|86) -0.6249228742874666
(170|120) -0.6249228742874666
(170|133) -0.6249228742874666
(170|144) -0.3238928786234854
(170|156) -0.3238928786234854
(170|170) -0.3238928786234854
(170|193) -0.3238928786234854
(172|18) -0.6249228742874666
(172|24) -0.44883161523178533
(172|36) -0.6249228742874666
(172|37) -0.3238928786234854
(172|51) -0.6249228742874666
(172|53) -0.6249228742874666
(172|66) -0.6249228742874666
(172|72) -0.6249228742874666
(172|73) -0.3238928786234854
(172|88) -0.6249228742874666
(172|97) -0.3238928786234854
(172|109) -0.6249228742874666
(172|110) -0.6249228742874666
(172|120) -0.44883161523178533
(172|132) -0.44883161523178533
(172|144) -0.44883161523178533
(172|156) -0.44883161523178533
(172|172) -0.44883161523178533
(172|181) -0.3238928786234854
(173|1) -0.3238928786234854
(173|16) -0.6249228742874666
(173|88) -0.6249228742874666
(173|98) -0.6249228742874666
(173|194) -0.6249228742874666
(180|15) -0.3238928786234854
(180|25) -0.3238928786234854
(180|64) -0.6249228742874666
(180|87) -0.6249228742874666
(180|103) -0.6249228742874666
(180|120) 0.27816711270447697
(180|132) 0.27816711270447697
(180|144) 0.27816711270447697
(180|156) 0.27816711270447697
(180|180) 0.27816711270447697
(181|14) -0.6249228742874666
(181|15) -0.22698286561542907
(181|16) 0.15322837609617704
(181|17) -0.6249228742874666
(181|49) -0.6249228742874666
(181|51) -0.4030741246711103
(181|60) -0.3818848256011722
(181|62) -0.44883161523178533
(181|66) -0.44883161523178533
(181|73) -0.22698286561542907
(181|84) -0.22698286561542907
(181|86) -0.5280128612794103
(181|88) -0.3238928786234854
(181|100) -0.44883161523178533
(181|103) -0.3238928786234854
(181|104) -0.6249228742874666
(181|106) -0.3238928786234854
(181|110) -0.6249228742874666
(181|115) -0.6249228742874666
(181|133) -0.6249228742874666
(181|168) -0.2975639399011363
(181|172) -0.3238928786234854
(181|192) -0.49998413767916666
(181|193) -0.3818848256011722
(181|194) 0.2201751657267902
(182|18) -0.22698286561542907
(182|25) -0.22698286561542907
(182|53) -0.6249228742874666
(182|62) -0.9259528699514478
(182|84) -0.3238928786234854
(182|85) 0.15322837609617704
(182|86) -0.4030741246711103
(182|87) 0.32931963515185825
(182|100) -0.8010141333431479
(182|101) 0.15322837609617704
(182|108) -0.6249228742874666
(182|109) 0.2201751657267902
(182|111) -0.3238928786234854
(182|112) 0.2201751657267902
(182|133) -0.3238928786234854
(182|192) 0.27816711270447697
(182|194) -0.27274035617610415
(183|1) 0.15322837609617704
(183|15) -0.3908396682540986
(183|25) -0.44883161523178533
(183|37) 0.17670947194569991
(183|49) -0.22698286561542907
(183|60) 0.15322837609617704
(183|62) -0.49998413767916666
(183|63) 0.27816711270447697
(183|73) -0.3238928786234854
(183|87) -0.49998413767916666
(183|98) 0.15322837609617704
(183|99) -0.3238928786234854
(183|100) -0.49998413767916666
(183|102) -0.4030741246711103
(183|108) -0.4030741246711103
(183|110) 0.32931963515185825
(183|111) 0.2201751657267902
(183|112) -0.3238928786234854
(183|192) -0.6249228742874666
(183|193) -0.28250019346526045
(183|195) -0.3238928786234854
(184|1) -0.44883161523178533
(184|17) -0.6249228742874666
(184|24) -0.22698286561542907
(184|25) 0.2201751657267902
(184|36) 0.15322837609617704
(184|37) -0.2939296552460422
(184|51) -0.2891307723642735
(184|53) -0.3238928786234854
(184|62) -0.22698286561542907
(184|65) -0.6249228742874666
(184|86) 0.15322837609617704
(184|88) -0.8010141333431479
(184|90) -0.6249228742874666
(184|99) -0.3238928786234854
(184|101) -0.6249228742874666
(184|102) -0.3238928786234854
(184|108) -0.3238928786234854
(184|109) -0.4030741246711103
(184|110) -0.3238928786234854
(184|133) -0.3238928786234854
(184|169) 0.2201751657267902
(184|193) 0.2201751657267902
(184|194) -0.6249228742874666
(185|0) 0.7368049617301263
(185|17) 0.2201751657267902
(185|24) 0.6972964204464526
(185|36) 0.45425837176015826
(185|51) 0.48902047801937015
(185|63) 0.2201751657267902
(185|72) 0.1394592840892905
(185|88) 0.2201751657267902
(185|97) 0.32931963515185825
(185|109) 0.27816711270447697
(185|120) 0.773017134384571
(185|132) 0.7368049617301263
(185|144) 0.7368049617301263
(185|156) 0.773017134384571
(185|168) 0.6538307266653623
(185|185) 0.773017134384571
(185|194) 0.2201751657267902
(186|14) -0.6249228742874666
(186|24) -0.3238928786234854
(186|37) -0.3238928786234854
(186|88) -0.6249228742874666
(186|109) -0.3238928786234854
(192|0) -0.23957199292344955
(192|14) -0.9259528699514478
(192|16) -0.3238928786234854
(192|18) -0.6249228742874666
(192|25) -0.44883161523178533
(192|36) -0.22698286561542907
(192|53) -0.6249228742874666
(192|60) -0.4030741246711103
(192|62) -0.49998413767916666
(192|72) -0.2659009316457987
(192|86) -0.44883161523178533
(192|100) -0.49998413767916666
(192|103) -0.3238928786234854
(192|110) -0.22698286561542907
(192|112) -0.3238928786234854
(192|121) -0.6249228742874666
(192|133) -0.9259528699514478
(192|181) -0.49998413767916666
(192|182) 0.27816711270447697
(192|183) -0.6249228742874666
(193|1) -0.3238928786234854
(193|15) -0.2975639399011363
(193|17) -0.8010141333431479
(193|18) 0.41646981087075835
(193|48) -0.2447116325758606
(193|49) -0.4030741246711103
(193|60) -0.3238928786234855
(193|62) -0.22698286561542907
(193|63) 0.2501383891042334
(193|64) -0.3238928786234854
(193|65) -0.3238928786234854
(193|84) 0.15322837609617704
(193|85) -0.3238928786234855
(193|87) -0.3238928786234854
(193|99) -0.3238928786234854
(193|100) -0.5280128612794103
(193|101) 0.15322837609617704
(193|103) -0.25694608899287225
(193|108) -0.44883161523178533
(193|110) -0.6249228742874666
(193|112) 0.27816711270447697
(193|170) -0.3238928786234854
(193|181) -0.3818848256011722
(193|183) -0.28250019346526045
(193|184) 0.2201751657267902
(194|1) 0.15322837609617704
(194|15) -0.27813538806281035
(194|16) 0.2201751657267902
(194|17) -0.3238928786234854
(194|25) -0.27274035617610415
(194|36) -0.23957199292344955
(194|50) -0.3238928786234854
(194|53) -0.6249228742874666
(194|60) 0.41646981087075835
(194|61) 0.15322837609617704
(194|62) -0.44883161523178533
(194|65) -0.6249228742874666
(194|73) -0.44883161523178533
(194|84) -0.44883161523178533
(194|88) -0.44883161523178533
(194|97) -0.49998413767916666
(194|99) 0.15322837609617704
(194|101) -0.49998413767916666
(194|106) -0.6249228742874666
(194|109) -0.3818848256011722
(194|111) -0.22698286561542907
(194|133) -0.22698286561542907
(194|173) -0.6249228742874666
(194|181) 0.2201751657267902
(194|182) -0.27274035617610415
(194|184) -0.6249228742874666
(194|185) 0.2201751657267902
(195|0) 0.45425837176015826
(195|15) 0.2201751657267902
(195|24) 0.45425837176015826
(195|36) 0.27816711270447697
(195|72) 0.32931963515185825
(195|108) -0.6249228742874666
(195|120) 0.5212051613907714
(195|132) 0.5212051613907714
(195|144) 0.5212051613907714
(195|156) 0.5212051613907714
(195|168) 0.3750771257125333
(195|183) -0.3238928786234854
(195|195) 0.5212051613907714
(196|0) 0.45425837176015826
(196|14) -0.3238928786234854
(196|61) -0.3238928786234854
(196|72) 0.5212051613907714
(196|73) -0.6249228742874666
(196|88) -0.44883161523178533
(196|120) 0.2501383891042334
(196|132) 0.2201751657267902
(196|144) 0.18799048235538893
(196|156) 0.2501383891042334
(196|196) 0.2501383891042334
(199|0) -0.6249228742874666
(199|36) -0.6249228742874666
(199|51) -0.6249228742874666
(199|72) -0.6249228742874666
(199|98) -0.6249228742874666
(199|120) -0.6249228742874666
(199|132) -0.6249228742874666
(199|144) -0.6249228742874666
(199|156) -0.6249228742874666
(199|199) -0.6249228742874666
