(0|18) 0.5986787028062869
(0|67) -0.562689299428688
(0|133) 0.5164919466189368
(0|148) -0.7387805584843692
(0|162) -0.562689299428688
(0|173) -0.562689299428688
(0|187) 0.8175219422829181
(1|19) -0.562689299428688
(1|49) -0.7387805584843692
(1|88) -1.1647492907566503
(1|101) -0.7387805584843692
(1|112) -0.562689299428688
(1|122) -0.562689299428688
(1|136) -0.7387805584843692
(1|169) -0.562689299428688
(1|192) -0.6595993124367444
(1|193) -0.8637192950926691
(1|194) 0.7383406962352932
(13|24) -0.562689299428688
(13|48) -0.562689299428688
(13|60) -0.562689299428688
(13|72) -0.6595993124367444
(13|86) -0.7387805584843692
(13|120) -0.6595993124367444
(13|132) -0.9606293081007256
(13|144) -0.6595993124367444
(13|168) -0.8637192950926691
(13|183) -0.7387805584843692
(13|192) -0.562689299428688
(14|24) 0.5164919466189368
(14|72) 0.5834387362495501
(15|36) -0.562689299428688
(15|63) -0.562689299428688
(15|97) -0.562689299428688
(15|98) -0.562689299428688
(15|103) -0.7387805584843692
(15|110) -0.6595993124367444
(15|147) -0.562689299428688
(15|170) -0.562689299428688
(15|194) -0.562689299428688
(16|61) -0.562689299428688
(16|109) 0.6925832056746182
(16|112) -0.562689299428688
(17|85) -0.562689299428688
(17|103) -0.7387805584843692
(17|134) -0.562689299428688
(17|184) -0.562689299428688
(17|193) -0.562689299428688
(18|0) 0.5986787028062869
(18|65) 0.5834387362495501
(18|88) -0.6296360890593011
(18|89) 0.5676444690663182
(18|97) 0.7797333813935182
(18|101) -0.562689299428688
(18|108) 0.7383406962352932
(18|123) -0.562689299428688
(18|184) 0.5164919466189368
(18|185) 0.5834387362495501
(18|192) -0.7387805584843692
(19|1) -0.562689299428688
(19|96) -0.562689299428688
(19|109) -0.7387805584843692
(19|122) -0.7387805584843692
(19|182) -0.8637192950926691
(20|20) 0.5834387362495501
(20|24) 0.5164919466189368
(20|72) 0.5164919466189368
(20|144) 0.5164919466189368
(20|156) 0.5164919466189368
(24|13) -0.562689299428688
(24|14) 0.5164919466189368
(24|20) 0.5164919466189368
(24|67) -0.562689299428688
(24|88) -0.762261654333892
(24|103) -0.6296360890593011
(24|113) -0.562689299428688
(24|123) -0.8637192950926691
(24|124) -0.562689299428688
(24|148) -0.7387805584843692
(24|149) -0.562689299428688
(24|158) -0.562689299428688
(24|187) 0.8844687319135313
(24|199) 0.5834387362495501
(25|37) -0.562689299428688
(25|49) -0.562689299428688
(25|66) -0.562689299428688
(25|86) -1.1647492907566503
(25|89) 0.4787033857295371
(25|145) -0.7387805584843692
(25|147) -0.562689299428688
(25|173) -0.562689299428688
(25|183) -0.6595993124367444
(25|192) -0.8637192950926691
(36|15) -0.562689299428688
(36|87) 0.5834387362495501
(36|123) -0.8637192950926691
(36|124) -0.7387805584843692
(36|136) -1.1067573437789637
(36|148) -0.8637192950926691
(36|149) -0.562689299428688
(36|159) -0.562689299428688
(36|173) -0.7387805584843692
(36|187) 0.6925832056746182
(36|198) 0.5164919466189368
(37|25) -0.562689299428688
(37|50) -0.5046973524510012
(37|65) 0.5834387362495501
(37|88) -0.6876280360369879
(37|103) -0.562689299428688
(37|122) -0.8057273481149825
(37|147) -0.562689299428688
(37|148) -0.562689299428688
(37|159) -0.562689299428688
(37|192) -0.5046973524510012
(48|13) -0.562689299428688
(48|125) -0.562689299428688
(48|148) -0.7387805584843692
(48|157) -0.562689299428688
(48|158) -0.8637192950926691
(48|159) -0.562689299428688
(48|170) -0.562689299428688
(48|185) 0.5834387362495501
(48|192) -0.562689299428688
(49|1) -0.7387805584843692
(49|25) -0.562689299428688
(49|61) -0.562689299428688
(49|62) -0.562689299428688
(49|66) -0.562689299428688
(49|89) 0.6414306832272368
(49|99) -0.562689299428688
(49|183) -0.562689299428688
(50|37) -0.5046973524510012
(50|61) -0.562689299428688
(50|102) -0.562689299428688
(50|112) -0.7387805584843692
(50|147) -0.562689299428688
(50|182) -0.8637192950926691
(50|192) -0.7387805584843692
(51|160) -0.7387805584843692
(51|182) 0.5164919466189368
(52|88) -0.7387805584843692
(52|98) 0.5164919466189368
(52|110) -0.562689299428688
(52|193) -0.7387805584843692
(53|60) -0.562689299428688
(53|86) -0.562689299428688
(53|97) 0.5164919466189368
(53|98) -0.7387805584843692
(53|145) -0.562689299428688
(53|169) -0.562689299428688
(53|196) -0.7387805584843692
(60|13) -0.562689299428688
(60|53) -0.562689299428688
(60|88) -0.562689299428688
(60|112) -0.7387805584843692
(60|182) -0.562689299428688
(60|192) -0.562689299428688
(60|196) -0.562689299428688
(61|16) -0.562689299428688
(61|49) -0.562689299428688
(61|50) -0.562689299428688
(61|86) -0.6595993124367444
(61|98) -0.5046973524510012
(61|122) -0.562689299428688
(61|147) -0.562689299428688
(61|193) -0.6296360890593011
(61|196) -0.562689299428688
(62|49) -0.562689299428688
(62|169) -0.562689299428688
(62|183) -0.562689299428688
(62|185) 0.5834387362495501
(62|197) -0.562689299428688
(63|15) -0.562689299428688
(63|98) 0.5164919466189368
(63|101) -0.7387805584843692
(63|103) -0.562689299428688
(63|112) -0.562689299428688
(63|122) -0.7387805584843692
(63|145) -0.7387805584843692
(63|160) -0.562689299428688
(63|170) -0.562689299428688
(63|195) 0.5164919466189368
(64|72) 0.5512540528781488
(64|88) -0.7387805584843692
(64|108) 0.6414306832272368
(64|193) -0.562689299428688
(65|18) 0.5834387362495501
(65|37) 0.5834387362495501
(65|120) 0.5834387362495501
(65|132) 0.5399730424684598
(65|144) 0.9687896176135672
(65|148) -0.562689299428688
(65|156) 0.5834387362495501
(65|158) -0.7387805584843692
(65|168) 0.9687896176135672
(65|184) 0.5164919466189368
(66|25) -0.562689299428688
(66|49) -0.562689299428688
(66|108) 0.5164919466189368
(67|0) -0.562689299428688
(67|24) -0.562689299428688
(67|67) -0.562689299428688
(72|13) -0.6595993124367444
(72|14) 0.5834387362495501
(72|20) 0.5164919466189368
(72|64) 0.5512540528781488
(72|88) -0.5115367769813066
(72|113) -0.562689299428688
(72|125) -0.562689299428688
(72|136) -1.1067573437789637
(72|158) -0.6595993124367444
(72|162) -0.7387805584843692
(72|187) 0.7383406962352932
(73|88) -0.562689299428688
(73|89) 0.85228404854213
(73|98) 0.7797333813935182
(73|101) -0.562689299428688
(73|108) 0.6925832056746182
(73|112) -0.7387805584843692
(73|120) 0.4787033857295371
(73|124) -0.562689299428688
(73|132) 0.4787033857295371
(73|135) -0.562689299428688
(73|156) 0.4980085409249237
(73|160) -0.562689299428688
(73|193) -0.562689299428688
(85|17) -0.562689299428688
(85|103) -0.562689299428688
(85|183) -0.562689299428688
(86|13) -0.7387805584843692
(86|25) -1.1647492907566503
(86|53) -0.562689299428688
(86|61) -0.6595993124367444
(86|112) -1.0398105541483504
(86|145) -0.562689299428688
(86|147) -0.7387805584843692
(86|182) -0.562689299428688
(86|183) -0.7387805584843692
(86|192) -0.562689299428688
(86|193) -0.6296360890593011
(87|36) 0.5834387362495501
(87|110) -0.562689299428688
(87|120) 0.7797333813935182
(87|132) 0.6414306832272368
(87|136) -0.562689299428688
(87|144) 0.7797333813935182
(87|168) 0.7383406962352932
(87|169) -0.562689299428688
(88|1) -1.1647492907566503
(88|18) -0.6296360890593011
(88|24) -0.762261654333892
(88|37) -0.6876280360369879
(88|52) -0.7387805584843692
(88|60) -0.562689299428688
(88|64) -0.7387805584843692
(88|72) -0.5115367769813066
(88|73) -0.562689299428688
(88|88) -0.5249007385392881
(88|96) -0.5169318088680128
(88|97) -0.7387805584843692
(88|100) -0.562689299428688
(88|109) -0.9606293081007256
(88|120) -0.562689299428688
(88|123) -0.562689299428688
(88|132) -0.562689299428688
(88|144) -0.562689299428688
(88|148) -0.562689299428688
(88|156) -0.562689299428688
(88|169) -1.1067573437789637
(88|182) -0.562689299428688
(88|183) -0.6595993124367444
(88|193) -1.0398105541483504
(88|194) -0.7387805584843692
(88|196) -0.6595993124367444
(89|18) 0.5676444690663182
(89|25) 0.4787033857295371
(89|49) 0.6414306832272368
(89|73) 0.85228404854213
(89|99) 0.6414306832272368
(89|108) 0.4707344560582618
(89|183) 0.6677596219495859
(89|186) -0.562689299428688
(90|184) -0.562689299428688
(90|196) -0.562689299428688
(96|19) -0.562689299428688
(96|88) -0.5169318088680128
(96|110) 0.5164919466189368
(96|169) -0.6138418218760692
(96|197) 0.5164919466189368
(97|15) -0.562689299428688
(97|18) 0.7797333813935182
(97|53) 0.5164919466189368
(97|88) -0.7387805584843692
(97|158) -0.562689299428688
(97|185) -0.7387805584843692
(98|15) -0.562689299428688
(98|52) 0.5164919466189368
(98|53) -0.7387805584843692
(98|61) -0.5046973524510012
(98|63) 0.5164919466189368
(98|73) 0.7797333813935182
(98|193) -0.562689299428688
(99|49) -0.562689299428688
(99|89) 0.6414306832272368
(99|120) 0.4787033857295371
(99|156) 0.7797333813935182
(99|169) 0.5164919466189368
(99|193) -0.7387805584843692
(100|88) -0.562689299428688
(100|110) -0.562689299428688
(100|192) -0.562689299428688
(101|1) -0.7387805584843692
(101|18) -0.562689299428688
(101|63) -0.7387805584843692
(101|73) -0.562689299428688
(101|110) 0.5164919466189368
(101|192) -0.9606293081007256
(102|50) -0.562689299428688
(102|109) -0.562689299428688
(102|112) -0.562689299428688
(103|15) -0.7387805584843692
(103|17) -0.7387805584843692
(103|24) -0.6296360890593011
(103|37) -0.562689299428688
(103|63) -0.562689299428688
(103|85) -0.562689299428688
(103|103) -0.5046973524510012
(103|110) -0.562689299428688
(103|112) -0.562689299428688
(103|168) -0.5046973524510012
(103|193) -0.562689299428688
(108|18) 0.7383406962352932
(108|64) 0.6414306832272368
(108|66) 0.5164919466189368
(108|73) 0.6925832056746182
(108|89) 0.4707344560582618
(108|122) -0.562689299428688
(108|157) -0.562689299428688
(108|196) 0.4787033857295371
(109|16) 0.6925832056746182
(109|19) -0.7387805584843692
(109|88) -0.9606293081007256
(109|102) -0.562689299428688
(109|158) -0.562689299428688
(109|186) -0.562689299428688
(109|192) -0.562689299428688
(109|193) -0.7845380490450442
(110|15) -0.6595993124367444
(110|52) -0.562689299428688
(110|87) -0.562689299428688
(110|96) 0.5164919466189368
(110|100) -0.562689299428688
(110|101) 0.5164919466189368
(110|103) -0.562689299428688
(110|123) -0.562689299428688
(110|125) -0.562689299428688
(110|162) -0.7387805584843692
(110|196) -0.562689299428688
(111|120) 0.6925832056746182
(111|132) 0.5834387362495501
(111|144) 0.6925832056746182
(111|156) 0.6925832056746182
(111|183) -0.7387805584843692
(112|1) -0.562689299428688
(112|16) -0.562689299428688
(112|50) -0.7387805584843692
(112|60) -0.7387805584843692
(112|63) -0.562689299428688
(112|73) -0.7387805584843692
(112|86) -1.0398105541483504
(112|102) -0.562689299428688
(112|103) -0.562689299428688
(112|122) -0.7387805584843692
(112|159) -0.7387805584843692
(113|24) -0.562689299428688
(113|72) -0.562689299428688
(113|156) -0.562689299428688
(120|13) -0.6595993124367444
(120|65) 0.5834387362495501
(120|73) 0.4787033857295371
(120|87) 0.7797333813935182
(120|88) -0.562689299428688
(120|99) 0.4787033857295371
(120|111) 0.6925832056746182
(120|173) -0.7387805584843692
(120|187) 0.8844687319135313
(120|199) 0.5834387362495501
(122|1) -0.562689299428688
(122|19) -0.7387805584843692
(122|37) -0.8057273481149825
(122|61) -0.562689299428688
(122|63) -0.7387805584843692
(122|108) -0.562689299428688
(122|112) -0.7387805584843692
(122|134) -0.562689299428688
(122|146) -0.7387805584843692
(122|157) -0.562689299428688
(122|158) -0.8637192950926691
(122|159) -0.7387805584843692
(122|182) -0.9606293081007256
(122|184) -0.562689299428688
(123|18) -0.562689299428688
(123|24) -0.8637192950926691
(123|36) -0.8637192950926691
(123|88) -0.562689299428688
(123|110) -0.562689299428688
(123|123) -0.562689299428688
(123|168) -0.562689299428688
(123|182) -0.562689299428688
(124|24) -0.562689299428688
(124|36) -0.7387805584843692
(124|73) -0.562689299428688
(124|124) -0.7387805584843692
(125|48) -0.562689299428688
(125|72) -0.562689299428688
(125|110) -0.562689299428688
(125|184) -0.562689299428688
(125|193) -0.562689299428688
(132|13) -0.9606293081007256
(132|65) 0.5399730424684598
(132|73) 0.4787033857295371
(132|87) 0.6414306832272368
(132|88) -0.562689299428688
(132|111) 0.5834387362495501
(132|187) 0.8844687319135313
(132|199) 0.5834387362495501
(133|0) 0.5164919466189368
(133|133) 0.5834387362495501
(134|17) -0.562689299428688
(134|122) -0.562689299428688
(134|168) 0.5164919466189368
(134|195) -0.562689299428688
(135|73) -0.562689299428688
(135|146) -0.562689299428688
(135|182) -0.562689299428688
(136|1) -0.7387805584843692
(136|36) -1.1067573437789637
(136|72) -1.1067573437789637
(136|87) -0.562689299428688
(136|136) -1.2159018132040316
(136|147) -0.562689299428688
(136|168) -1.0398105541483504
(144|13) -0.6595993124367444
(144|20) 0.5164919466189368
(144|65) 0.9687896176135672
(144|87) 0.7797333813935182
(144|88) -0.562689299428688
(144|111) 0.6925832056746182
(144|199) 0.5834387362495501
(145|25) -0.7387805584843692
(145|53) -0.562689299428688
(145|63) -0.7387805584843692
(145|86) -0.562689299428688
(146|122) -0.7387805584843692
(146|135) -0.562689299428688
(147|15) -0.562689299428688
(147|25) -0.562689299428688
(147|37) -0.562689299428688
(147|50) -0.562689299428688
(147|61) -0.562689299428688
(147|86) -0.7387805584843692
(147|136) -0.562689299428688
(148|0) -0.7387805584843692
(148|24) -0.7387805584843692
(148|36) -0.8637192950926691
(148|37) -0.562689299428688
(148|48) -0.7387805584843692
(148|65) -0.562689299428688
(148|88) -0.562689299428688
(148|148) -0.7387805584843692
(148|158) -0.7387805584843692
(148|168) -0.9606293081007256
(149|24) -0.562689299428688
(149|36) -0.562689299428688
(156|20) 0.5164919466189368
(156|65) 0.5834387362495501
(156|73) 0.4980085409249237
(156|88) -0.562689299428688
(156|99) 0.7797333813935182
(156|111) 0.6925832056746182
(156|113) -0.562689299428688
(156|173) -0.7387805584843692
(156|187) 0.8844687319135313
(156|199) 0.5834387362495501
(157|48) -0.562689299428688
(157|108) -0.562689299428688
(157|122) -0.562689299428688
(158|24) -0.562689299428688
(158|48) -0.8637192950926691
(158|65) -0.7387805584843692
(158|72) -0.6595993124367444
(158|97) -0.562689299428688
(158|109) -0.562689299428688
(158|122) -0.8637192950926691
(158|148) -0.7387805584843692
(158|183) -0.7387805584843692
(159|36) -0.562689299428688
(159|37) -0.562689299428688
(159|48) -0.562689299428688
(159|112) -0.7387805584843692
(159|122) -0.7387805584843692
(159|159) -0.562689299428688
(159|168) -0.7387805584843692
(159|182) -0.7387805584843692
(160|51) -0.7387805584843692
(160|63) -0.562689299428688
(160|73) -0.562689299428688
(160|183) -0.8637192950926691
(162|0) -0.562689299428688
(162|72) -0.7387805584843692
(162|110) -0.7387805584843692
(162|162) -0.7387805584843692
(162|168) -0.562689299428688
(168|13) -0.8637192950926691
(168|65) 0.9687896176135672
(168|87) 0.7383406962352932
(168|103) -0.5046973524510012
(168|123) -0.562689299428688
(168|134) 0.5164919466189368
(168|136) -1.0398105541483504
(168|148) -0.9606293081007256
(168|159) -0.7387805584843692
(168|162) -0.562689299428688
(168|187) 0.6414306832272368
(169|1) -0.562689299428688
(169|53) -0.562689299428688
(169|62) -0.562689299428688
(169|87) -0.562689299428688
(169|88) -1.1067573437789637
(169|96) -0.6138418218760692
(169|99) 0.5164919466189368
(169|192) -0.8637192950926691
(169|193) -0.562689299428688
(170|15) -0.562689299428688
(170|48) -0.562689299428688
(170|63) -0.562689299428688
(170|183) -0.562689299428688
(173|0) -0.562689299428688
(173|25) -0.562689299428688
(173|36) -0.7387805584843692
(173|120) -0.7387805584843692
(173|156) -0.7387805584843692
(173|173) -0.7387805584843692
(173|185) -0.562689299428688
(182|19) -0.8637192950926691
(182|50) -0.8637192950926691
(182|51) 0.5164919466189368
(182|60) -0.562689299428688
(182|86) -0.562689299428688
(182|88) -0.562689299428688
(182|122) -0.9606293081007256
(182|123) -0.562689299428688
(182|135) -0.562689299428688
(182|159) -0.7387805584843692
(182|192) -0.6595993124367444
(183|13) -0.7387805584843692
(183|25) -0.6595993124367444
(183|49) -0.562689299428688
(183|62) -0.562689299428688
(183|85) -0.562689299428688
(183|86) -0.7387805584843692
(183|88) -0.6595993124367444
(183|89) 0.6677596219495859
(183|111) -0.7387805584843692
(183|158) -0.7387805584843692
(183|160) -0.8637192950926691
(183|170) -0.562689299428688
(183|192) -0.562689299428688
(183|194) 0.5834387362495501
(183|195) -0.562689299428688
(184|17) -0.562689299428688
(184|18) 0.5164919466189368
(184|65) 0.5164919466189368
(184|90) -0.562689299428688
(184|122) -0.562689299428688
(184|125) -0.562689299428688
(184|194) 0.6925832056746182
(185|18) 0.5834387362495501
(185|48) 0.5834387362495501
(185|62) 0.5834387362495501
(185|97) -0.7387805584843692
(185|173) -0.562689299428688
(185|195) 0.5164919466189368
(186|89) -0.562689299428688
(186|109) -0.562689299428688
(187|0) 0.8175219422829181
(187|24) 0.8844687319135313
(187|36) 0.6925832056746182
(187|72) 0.7383406962352932
(187|120) 0.8844687319135313
(187|132) 0.8844687319135313
(187|156) 0.8844687319135313
(187|168) 0.6414306832272368
(187|187) 0.8844687319135313
(192|1) -0.6595993124367444
(192|13) -0.562689299428688
(192|18) -0.7387805584843692
(192|25) -0.8637192950926691
(192|37) -0.5046973524510012
(192|48) -0.562689299428688
(192|50) -0.7387805584843692
(192|60) -0.562689299428688
(192|86) -0.562689299428688
(192|100) -0.562689299428688
(192|101) -0.9606293081007256
(192|109) -0.562689299428688
(192|169) -0.8637192950926691
(192|182) -0.6595993124367444
(192|183) -0.562689299428688
(193|1) -0.8637192950926691
(193|17) -0.562689299428688
(193|52) -0.7387805584843692
(193|61) -0.6296360890593011
(193|64) -0.562689299428688
(193|73) -0.562689299428688
(193|86) -0.6296360890593011
(193|88) -1.0398105541483504
(193|98) -0.562689299428688
(193|99) -0.7387805584843692
(193|103) -0.562689299428688
(193|109) -0.7845380490450442
(193|125) -0.562689299428688
(193|169) -0.562689299428688
(194|1) 0.7383406962352932
(194|15) -0.562689299428688
(194|88) -0.7387805584843692
(194|183) 0.5834387362495501
(194|184) 0.6925832056746182
(195|63) 0.5164919466189368
(195|134) -0.562689299428688
(195|183) -0.562689299428688
(195|185) 0.5164919466189368
(196|53) -0.7387805584843692
(196|60) -0.562689299428688
(196|61) -0.562689299428688
(196|88) -0.6595993124367444
(196|90) -0.562689299428688
(196|108) 0.4787033857295371
(196|110) -0.562689299428688
(197|62) -0.562689299428688
(197|96) 0.5164919466189368
(198|36) 0.5164919466189368
(199|24) 0.5834387362495501
(199|120) 0.5834387362495501
(199|132) 0.5834387362495501
(199|144) 0.5834387362495501
(199|156) 0.5834387362495501
(199|199) 0.5834387362495501
