(0|14) 0.4259687322722811
(0|16) -0.5740312677277188
(0|19) -0.3979400086720376
(0|25) 0.32905871926422475
(0|100) 0.46736141743050613
(0|183) -0.35218251811136253
(0|195) -0.4191293077419757
(0|197) 0.32905871926422475
(1|36) 0.4259687322722811
(1|49) 0.32905871926422475
(1|63) 0.4259687322722811
(1|98) 0.505149978319906
(1|181) 0.32905871926422475
(14|0) 0.4259687322722811
(14|62) -0.5740312677277188
(14|183) -0.5740312677277188
(16|0) -0.5740312677277188
(16|50) -0.4490925311194189
(16|63) -0.3979400086720376
(16|98) -0.5740312677277188
(16|183) -0.5740312677277188
(17|88) -0.5740312677277188
(17|97) -0.5740312677277188
(17|111) 0.32905871926422475
(17|195) -0.494850021680094
(18|61) 0.38021124171160603
(18|62) -0.5740312677277188
(18|110) 0.4259687322722811
(18|193) 0.6812412373755872
(18|194) 0.4259687322722811
(19|0) -0.3979400086720376
(19|48) 0.4259687322722811
(19|87) -0.5740312677277188
(19|109) 0.32905871926422475
(19|183) -0.5740312677277188
(19|194) 0.32905871926422475
(20|48) -0.4490925311194189
(20|61) -0.5740312677277188
(20|86) 0.32905871926422475
(20|182) -0.7501225267834001
(24|195) -0.47712125471966244
(24|197) 0.32905871926422475
(24|198) -0.5740312677277188
(25|0) 0.32905871926422475
(25|25) 0.4259687322722811
(25|72) 0.4259687322722811
(25|87) 0.32905871926422475
(25|110) 0.32905871926422475
(25|120) 0.4259687322722811
(25|132) 0.4259687322722811
(25|144) 0.4259687322722811
(25|156) 0.4259687322722811
(25|168) 0.4259687322722811
(36|1) 0.4259687322722811
(36|62) -0.5740312677277188
(36|86) -0.3979400086720376
(36|97) -0.7501225267834001
(36|195) -0.4490925311194189
(37|88) -0.5740312677277188
(37|100) 0.4259687322722811
(37|181) 0.7683914130944873
(37|194) 0.3010299956639812
(48|19) 0.4259687322722811
(48|20) -0.4490925311194189
(48|100) 0.38021124171160603
(48|181) 0.4259687322722811
(48|193) 0.505149978319906
(48|194) 0.29127015837482495
(48|195) -0.3979400086720376
(48|197) 0.32905871926422475
(49|1) 0.32905871926422475
(49|63) 0.505149978319906
(49|182) 0.38021124171160603
(49|183) -0.4490925311194189
(49|194) 0.7269987279362623
(50|16) -0.4490925311194189
(50|62) -0.8750612633917001
(50|97) -0.7501225267834001
(50|182) -0.4490925311194189
(50|184) -0.5740312677277188
(50|193) 0.32905871926422475
(50|194) -0.494850021680094
(50|195) -0.5740312677277188
(61|18) 0.38021124171160603
(61|20) -0.5740312677277188
(61|100) 0.5720967679505192
(61|193) 0.7683914130944873
(61|194) 0.505149978319906
(61|195) -0.6709412807357753
(61|198) -0.5740312677277188
(62|14) -0.5740312677277188
(62|18) -0.5740312677277188
(62|36) -0.5740312677277188
(62|50) -0.8750612633917001
(62|97) -0.5740312677277188
(62|181) 0.4259687322722811
(62|183) -0.494850021680094
(62|192) -0.5740312677277188
(62|193) -0.5740312677277188
(63|1) 0.4259687322722811
(63|16) -0.3979400086720376
(63|49) 0.505149978319906
(63|99) 0.4259687322722811
(63|100) 0.4259687322722811
(63|181) 0.630088714928206
(63|183) -0.3979400086720376
(72|25) 0.4259687322722811
(72|197) 0.32905871926422475
(72|198) -0.5740312677277188
(86|20) 0.32905871926422475
(86|36) -0.3979400086720376
(86|99) -0.7501225267834001
(86|109) 0.29127015837482495
(86|182) 0.4259687322722811
(86|183) -0.3979400086720376
(86|192) -0.5740312677277188
(86|195) -0.3979400086720376
(87|19) -0.5740312677277188
(87|25) 0.32905871926422475
(87|97) -0.4490925311194189
(87|100) 0.32905871926422475
(87|193) 0.32905871926422475
(88|17) -0.5740312677277188
(88|37) -0.5740312677277188
(88|109) -0.7501225267834001
(97|17) -0.5740312677277188
(97|36) -0.7501225267834001
(97|50) -0.7501225267834001
(97|62) -0.5740312677277188
(97|87) -0.4490925311194189
(98|1) 0.505149978319906
(98|16) -0.5740312677277188
(98|181) 0.3638208255234367
(98|183) -0.3399480616943508
(98|184) -0.5740312677277188
(98|194) 0.505149978319906
(98|195) -0.494850021680094
(98|197) 0.32905871926422475
(98|198) -0.5740312677277188
(99|63) 0.4259687322722811
(99|86) -0.7501225267834001
(100|0) 0.46736141743050613
(100|37) 0.4259687322722811
(100|48) 0.38021124171160603
(100|61) 0.5720967679505192
(100|63) 0.4259687322722811
(100|87) 0.32905871926422475
(100|109) 0.5720967679505192
(100|182) 0.32905871926422475
(100|193) 0.630088714928206
(108|183) -0.5740312677277188
(109|19) 0.32905871926422475
(109|86) 0.29127015837482495
(109|88) -0.7501225267834001
(109|100) 0.5720967679505192
(109|184) 0.32905871926422475
(109|193) 0.32905871926422475
(109|195) -0.4490925311194189
(110|18) 0.4259687322722811
(110|25) 0.32905871926422475
(110|181) 0.7269987279362623
(110|183) -0.4191293077419757
(110|194) 0.4259687322722811
(110|195) -0.3699112850717941
(111|17) 0.32905871926422475
(120|25) 0.4259687322722811
(120|195) -0.3309932190414244
(120|197) 0.32905871926422475
(120|198) -0.5740312677277188
(132|25) 0.4259687322722811
(132|195) -0.3309932190414244
(132|197) 0.32905871926422475
(132|198) -0.5740312677277188
(144|25) 0.4259687322722811
(144|195) -0.3309932190414244
(144|197) 0.32905871926422475
(144|198) -0.5740312677277188
(156|25) 0.4259687322722811
(156|195) -0.3309932190414244
(156|197) 0.32905871926422475
(156|198) -0.5740312677277188
(168|25) 0.4259687322722811
(168|195) -0.3309932190414244
(168|197) 0.32905871926422475
(168|198) -0.5740312677277188
(181|1) 0.32905871926422475
(181|37) 0.7683914130944873
(181|48) 0.4259687322722811
(181|62) 0.4259687322722811
(181|63) 0.630088714928206
(181|98) 0.3638208255234367
(181|110) 0.7269987279362623
(181|194) 0.630088714928206
(182|20) -0.7501225267834001
(182|49) 0.38021124171160603
(182|50) -0.4490925311194189
(182|86) 0.4259687322722811
(182|100) 0.32905871926422475
(182|193) 0.38021124171160603
(183|0) -0.35218251811136253
(183|14) -0.5740312677277188
(183|16) -0.5740312677277188
(183|19) -0.5740312677277188
(183|49) -0.4490925311194189
(183|62) -0.494850021680094
(183|63) -0.3979400086720376
(183|86) -0.3979400086720376
(183|98) -0.3399480616943508
(183|108) -0.5740312677277188
(183|110) -0.4191293077419757
(183|192) -0.5740312677277188
(183|195) -0.8750612633917001
(184|50) -0.5740312677277188
(184|98) -0.5740312677277188
(184|109) 0.32905871926422475
(192|62) -0.5740312677277188
(192|86) -0.5740312677277188
(192|183) -0.5740312677277188
(193|18) 0.6812412373755872
(193|48) 0.505149978319906
(193|50) 0.32905871926422475
(193|61) 0.7683914130944873
(193|62) -0.5740312677277188
(193|87) 0.32905871926422475
(193|100) 0.630088714928206
(193|109) 0.32905871926422475
(193|182) 0.38021124171160603
(194|18) 0.4259687322722811
(194|19) 0.32905871926422475
(194|37) 0.3010299956639812
(194|48) 0.29127015837482495
(194|49) 0.7269987279362623
(194|50) -0.494850021680094
(194|61) 0.505149978319906
(194|98) 0.505149978319906
(194|110) 0.4259687322722811
(194|181) 0.630088714928206
(195|0) -0.4191293077419757
(195|17) -0.494850021680094
(195|24) -0.47712125471966244
(195|36) -0.4490925311194189
(195|48) -0.3979400086720376
(195|50) -0.5740312677277188
(195|61) -0.6709412807357753
(195|86) -0.3979400086720376
(195|98) -0.494850021680094
(195|109) -0.4490925311194189
(195|110) -0.3699112850717941
(195|120) -0.3309932190414244
(195|132) -0.3309932190414244
(195|144) -0.3309932190414244
(195|156) -0.3309932190414244
(195|168) -0.3309932190414244
(195|183) -0.8750612633917001
(195|195) -0.3309932190414244
(197|0) 0.32905871926422475
(197|24) 0.32905871926422475
(197|48) 0.32905871926422475
(197|72) 0.32905871926422475
(197|98) 0.32905871926422475
(197|120) 0.32905871926422475
(197|132) 0.32905871926422475
(197|144) 0.32905871926422475
(197|156) 0.32905871926422475
(197|168) 0.32905871926422475
(197|197) 0.32905871926422475
(198|24) -0.5740312677277188
(198|61) -0.5740312677277188
(198|72) -0.5740312677277188
(198|98) -0.5740312677277188
(198|120) -0.5740312677277188
(198|132) -0.5740312677277188
(198|144) -0.5740312677277188
(198|156) -0.5740312677277188
(198|168) -0.5740312677277188
(198|198) -0.5740312677277188
