(0|66) 0.3045560866055094
(0|86) 0.3045560866055094
(0|113) 0.3045560866055094
(0|121) -0.34865642716983425
(0|181) 0.3045560866055094
(0|192) 0.702496095277547
(1|15) -0.8715351724501718
(1|19) 0.3045560866055094
(1|20) -0.39441391773050943
(1|36) -0.7368365985527157
(1|60) -0.4913239307385658
(1|88) -0.43580660288873446
(1|90) -0.39441391773050943
(1|99) -0.4735951637781342
(1|181) -0.6496864228338155
(1|193) -0.5405419534087474
(1|195) -0.42244264133075293
(13|24) 0.3045560866055094
(13|37) 0.3045560866055094
(13|48) -0.5985339003864342
(13|61) 0.3045560866055094
(13|109) 0.3045560866055094
(13|110) 0.3045560866055094
(13|120) -0.5985339003864342
(14|25) -0.5985339003864342
(14|36) -0.7368365985527157
(14|60) -0.39441391773050943
(14|62) 0.6055860822694906
(14|63) -0.4735951637781342
(14|98) -0.39441391773050943
(14|183) 0.9066160779334718
(14|185) -0.6496864228338155
(14|186) 0.3045560866055094
(14|192) 0.6055860822694906
(15|1) -0.8715351724501718
(15|36) -0.3554958517001397
(15|60) -0.3322660109816649
(15|86) 0.3045560866055094
(15|98) -0.3417075672145064
(15|100) -0.39441391773050943
(15|110) -0.34865642716983425
(15|182) 0.3045560866055094
(15|192) 0.3045560866055094
(15|197) 0.3045560866055094
(15|198) -0.4735951637781342
(16|25) 0.48064734566119066
(16|63) 0.42949482321380933
(16|109) 0.3308850253278585
(16|182) 0.6055860822694906
(16|184) -0.3322660109816649
(16|185) 0.3045560866055094
(16|193) 0.3045560866055094
(16|195) -0.39441391773050943
(16|197) 0.3045560866055094
(16|199) 0.3045560866055094
(17|25) 0.4642569294730213
(17|60) -0.4551117580841211
(17|62) 0.38373733265313426
(17|86) 0.3045560866055094
(17|90) -0.39441391773050943
(17|111) 0.3045560866055094
(17|113) 0.3045560866055094
(17|121) 0.3045560866055094
(17|186) 0.48064734566119066
(17|187) 0.3045560866055094
(17|193) -0.3322660109816649
(18|25) 0.3045560866055094
(18|87) 0.702496095277547
(18|90) 0.3045560866055094
(18|110) 0.48064734566119066
(18|192) 0.3045560866055094
(18|198) 0.6055860822694906
(18|199) 0.3045560866055094
(19|1) 0.3045560866055094
(19|36) 0.3045560866055094
(19|49) 0.7816773413251719
(19|61) 0.3045560866055094
(19|63) 0.3045560866055094
(19|89) 0.43925466050296563
(19|110) 1.1496541266197662
(19|182) 0.3045560866055094
(19|185) 0.3045560866055094
(19|187) 0.48064734566119066
(19|194) 0.3837373326531342
(19|197) 0.3045560866055094
(20|1) -0.39441391773050943
(20|62) 0.3045560866055094
(20|63) 0.6055860822694906
(20|96) -0.39441391773050943
(20|98) 0.48064734566119066
(20|109) 0.3045560866055094
(20|184) 0.6055860822694906
(20|193) 0.7816773413251719
(24|13) 0.3045560866055094
(24|90) -0.3944139177305094
(24|100) -0.5083572700373461
(24|113) 0.3045560866055094
(24|121) -0.43580660288873446
(24|192) 0.702496095277547
(25|14) -0.5985339003864342
(25|16) 0.48064734566119066
(25|17) 0.4642569294730213
(25|18) 0.3045560866055094
(25|37) 0.3045560866055094
(25|49) 0.5677975213800908
(25|50) 0.3045560866055094
(25|63) 0.3045560866055094
(25|90) 0.48064734566119066
(25|96) 0.3045560866055094
(25|99) -0.5405419534087474
(25|100) 0.7816773413251719
(25|109) 0.3045560866055094
(25|186) 0.3045560866055094
(25|193) -0.4735951637781342
(25|194) 0.34234464749490917
(25|195) -0.5985339003864342
(25|197) 0.5677975213800908
(25|198) 0.3715028762361226
(36|1) -0.7368365985527157
(36|14) -0.7368365985527157
(36|15) -0.3554958517001397
(36|19) 0.3045560866055094
(36|62) 0.3045560866055094
(36|86) 0.3045560866055094
(36|87) -0.37213752301935715
(36|113) 0.3045560866055094
(37|13) 0.3045560866055094
(37|25) 0.3045560866055094
(37|90) -0.4735951637781342
(37|121) -0.39441391773050943
(37|192) 0.9066160779334718
(37|199) -0.39441391773050943
(48|13) -0.5985339003864342
(48|113) 0.3045560866055094
(48|121) -0.6954439133944906
(48|192) 0.42949482321380933
(49|19) 0.7816773413251719
(49|25) 0.5677975213800908
(49|62) 0.45068412228374743
(49|87) -0.5405419534087474
(49|110) 0.3045560866055094
(49|121) 0.3045560866055094
(49|182) -0.39441391773050943
(49|185) 0.3045560866055094
(49|186) -0.4735951637781342
(49|198) 0.4014660996135658
(50|25) 0.3045560866055094
(50|62) 0.3045560866055094
(50|88) 0.3045560866055094
(50|89) -0.5405419534087474
(50|96) 0.3045560866055094
(50|108) 0.3045560866055094
(50|109) -0.39441391773050943
(50|110) 0.3045560866055094
(50|184) 0.3045560866055094
(50|187) 0.3045560866055094
(50|195) 0.3045560866055094
(60|1) -0.4913239307385658
(60|14) -0.39441391773050943
(60|15) -0.3322660109816649
(60|17) -0.4551117580841211
(60|87) -0.3944139177305094
(60|99) -0.6496864228338155
(60|181) -0.6496864228338155
(60|187) -0.4735951637781342
(60|195) -0.9258928347727645
(61|13) 0.3045560866055094
(61|19) 0.3045560866055094
(61|182) 0.3045560866055094
(61|192) 0.6055860822694906
(61|193) -0.37213752301935715
(62|14) 0.6055860822694906
(62|17) 0.38373733265313426
(62|20) 0.3045560866055094
(62|36) 0.3045560866055094
(62|49) 0.45068412228374743
(62|50) 0.3045560866055094
(62|87) 0.3045560866055094
(62|88) 0.3045560866055094
(62|96) 0.3045560866055094
(62|100) 0.3045560866055094
(62|110) 0.43925466050296563
(62|111) 0.3045560866055094
(62|181) 0.9066160779334718
(62|185) 0.34234464749490917
(62|186) 0.5264048362218657
(62|194) 0.43925466050296563
(62|197) 0.3045560866055094
(63|14) -0.4735951637781342
(63|16) 0.42949482321380933
(63|19) 0.3045560866055094
(63|20) 0.6055860822694906
(63|25) 0.3045560866055094
(63|87) -0.39441391773050943
(63|100) 0.3045560866055094
(63|110) 0.35570860905289065
(63|187) 0.3045560866055094
(63|194) 0.3045560866055094
(63|195) 0.3837373326531342
(64|87) 0.3045560866055094
(64|109) -0.39441391773050943
(64|183) 0.3045560866055094
(66|0) 0.3045560866055094
(66|66) 0.3045560866055094
(66|72) 0.3045560866055094
(66|120) 0.3045560866055094
(66|132) 0.3045560866055094
(66|144) 0.3045560866055094
(66|156) 0.3045560866055094
(66|168) 0.3045560866055094
(72|66) 0.3045560866055094
(72|113) 0.3045560866055094
(72|121) -0.43580660288873446
(72|192) 0.5264048362218657
(73|73) -0.39441391773050943
(73|110) 0.3045560866055094
(73|120) -0.39441391773050943
(73|132) -0.39441391773050943
(73|144) -0.39441391773050943
(73|156) -0.39441391773050943
(73|168) -0.39441391773050943
(86|0) 0.3045560866055094
(86|15) 0.3045560866055094
(86|17) 0.3045560866055094
(86|36) 0.3045560866055094
(86|96) 0.6055860822694906
(86|110) 0.3045560866055094
(86|156) 0.3045560866055094
(86|182) 0.3045560866055094
(86|183) 0.3045560866055094
(87|18) 0.702496095277547
(87|36) -0.37213752301935715
(87|49) -0.5405419534087474
(87|60) -0.3944139177305094
(87|62) 0.3045560866055094
(87|63) -0.39441391773050943
(87|64) 0.3045560866055094
(87|100) 0.3045560866055094
(87|108) 0.3045560866055095
(87|110) -0.39441391773050943
(87|181) 0.3045560866055094
(87|193) -0.5985339003864342
(87|195) 0.3045560866055094
(88|1) -0.43580660288873446
(88|50) 0.3045560866055094
(88|62) 0.3045560866055094
(88|113) 0.3045560866055094
(88|184) 0.34234464749490917
(88|187) 0.3045560866055095
(89|19) 0.43925466050296563
(89|50) -0.5405419534087474
(89|100) -0.43580660288873446
(89|121) -0.4735951637781342
(89|192) 0.7816773413251719
(90|1) -0.39441391773050943
(90|17) -0.39441391773050943
(90|18) 0.3045560866055094
(90|24) -0.3944139177305094
(90|25) 0.48064734566119066
(90|37) -0.4735951637781342
(90|96) 0.3045560866055094
(90|98) -0.6496864228338155
(90|109) -0.5405419534087474
(90|184) -0.39441391773050943
(90|185) -0.6496864228338155
(90|196) -0.5405419534087474
(90|198) 0.3045560866055094
(96|20) -0.39441391773050943
(96|25) 0.3045560866055094
(96|50) 0.3045560866055094
(96|62) 0.3045560866055094
(96|86) 0.6055860822694906
(96|90) 0.3045560866055094
(96|113) 0.3045560866055094
(96|181) 0.3045560866055094
(96|192) 0.3045560866055094
(97|111) 0.3045560866055094
(97|187) -0.4735951637781342
(97|193) -0.4735951637781342
(98|14) -0.39441391773050943
(98|15) -0.3417075672145064
(98|20) 0.48064734566119066
(98|90) -0.6496864228338155
(98|192) 0.3045560866055094
(98|198) -0.39441391773050943
(99|1) -0.4735951637781342
(99|25) -0.5405419534087474
(99|60) -0.6496864228338155
(99|108) -0.8093872657013274
(99|109) -0.34865642716983425
(99|110) 0.4594580465912526
(99|192) 0.3045560866055094
(100|15) -0.39441391773050943
(100|24) -0.5083572700373461
(100|25) 0.7816773413251719
(100|62) 0.3045560866055094
(100|63) 0.3045560866055094
(100|87) 0.3045560866055094
(100|89) -0.43580660288873446
(100|109) -0.39441391773050943
(100|194) -0.4735951637781342
(108|50) 0.3045560866055094
(108|87) 0.3045560866055095
(108|99) -0.8093872657013274
(108|199) -0.39441391773050943
(109|13) 0.3045560866055094
(109|16) 0.3308850253278585
(109|20) 0.3045560866055094
(109|25) 0.3045560866055094
(109|50) -0.39441391773050943
(109|64) -0.39441391773050943
(109|90) -0.5405419534087474
(109|99) -0.34865642716983425
(109|100) -0.39441391773050943
(109|199) 0.3045560866055094
(110|13) 0.3045560866055094
(110|15) -0.34865642716983425
(110|18) 0.48064734566119066
(110|19) 1.1496541266197662
(110|49) 0.3045560866055094
(110|50) 0.3045560866055094
(110|62) 0.43925466050296563
(110|63) 0.35570860905289065
(110|73) 0.3045560866055094
(110|86) 0.3045560866055094
(110|87) -0.39441391773050943
(110|99) 0.4594580465912526
(110|121) 0.3045560866055094
(110|187) 0.3045560866055094
(110|192) 0.6055860822694906
(110|197) 0.48064734566119066
(110|198) 0.48064734566119066
(111|17) 0.3045560866055094
(111|62) 0.3045560866055094
(111|97) 0.3045560866055094
(111|184) 0.3045560866055094
(111|194) 0.3045560866055094
(113|0) 0.3045560866055094
(113|17) 0.3045560866055094
(113|24) 0.3045560866055094
(113|36) 0.3045560866055094
(113|48) 0.3045560866055094
(113|72) 0.3045560866055094
(113|88) 0.3045560866055094
(113|96) 0.3045560866055094
(113|113) 0.3045560866055094
(113|120) 0.3045560866055094
(113|132) 0.3045560866055094
(113|144) 0.3045560866055094
(113|156) 0.3045560866055094
(113|168) 0.3045560866055094
(120|13) -0.5985339003864342
(120|66) 0.3045560866055094
(120|73) -0.39441391773050943
(120|113) 0.3045560866055094
(120|192) 0.4014660996135658
(121|0) -0.34865642716983425
(121|17) 0.3045560866055094
(121|24) -0.43580660288873446
(121|37) -0.39441391773050943
(121|48) -0.6954439133944906
(121|49) 0.3045560866055094
(121|72) -0.43580660288873446
(121|89) -0.4735951637781342
(121|110) 0.3045560866055094
(121|121) -0.43580660288873446
(121|132) -0.39441391773050943
(121|144) -0.43580660288873446
(121|156) -0.43580660288873446
(121|168) -0.43580660288873446
(121|185) 0.6055860822694906
(132|66) 0.3045560866055094
(132|73) -0.39441391773050943
(132|113) 0.3045560866055094
(132|121) -0.39441391773050943
(132|192) 0.4014660996135658
(144|66) 0.3045560866055094
(144|73) -0.39441391773050943
(144|113) 0.3045560866055094
(144|121) -0.43580660288873446
(144|192) 0.4014660996135658
(156|66) 0.3045560866055094
(156|73) -0.39441391773050943
(156|86) 0.3045560866055094
(156|113) 0.3045560866055094
(156|121) -0.43580660288873446
(156|192) 0.4014660996135658
(168|66) 0.3045560866055094
(168|73) -0.39441391773050943
(168|113) 0.3045560866055094
(168|121) -0.43580660288873446
(168|192) 0.4014660996135658
(181|0) 0.3045560866055094
(181|1) -0.6496864228338155
(181|60) -0.6496864228338155
(181|62) 0.9066160779334718
(181|87) 0.3045560866055094
(181|96) 0.3045560866055094
(181|193) 0.3045560866055094
(182|15) 0.3045560866055094
(182|16) 0.6055860822694906
(182|19) 0.3045560866055094
(182|49) -0.39441391773050943
(182|61) 0.3045560866055094
(182|86) 0.3045560866055094
(182|197) 0.3045560866055094
(182|199) 0.7816773413251719
(183|14) 0.9066160779334718
(183|64) 0.3045560866055094
(183|86) 0.3045560866055094
(183|192) 0.6055860822694906
(183|195) 0.3045560866055094
(184|16) -0.3322660109816649
(184|20) 0.6055860822694906
(184|50) 0.3045560866055094
(184|88) 0.34234464749490917
(184|90) -0.39441391773050943
(184|111) 0.3045560866055094
(184|192) 0.6055860822694906
(184|196) -0.35820174507606467
(185|14) -0.6496864228338155
(185|16) 0.3045560866055094
(185|19) 0.3045560866055094
(185|49) 0.3045560866055094
(185|62) 0.34234464749490917
(185|90) -0.6496864228338155
(185|121) 0.6055860822694906
(185|192) 0.3045560866055094
(185|198) 0.3045560866055094
(186|14) 0.3045560866055094
(186|17) 0.48064734566119066
(186|25) 0.3045560866055094
(186|49) -0.4735951637781342
(186|62) 0.5264048362218657
(186|193) -0.5985339003864342
(186|195) -0.6954439133944906
(186|196) 0.5264048362218657
(186|197) 0.7816773413251719
(186|198) 0.3045560866055094
(187|17) 0.3045560866055094
(187|19) 0.48064734566119066
(187|50) 0.3045560866055094
(187|60) -0.4735951637781342
(187|63) 0.3045560866055094
(187|88) 0.3045560866055095
(187|97) -0.4735951637781342
(187|110) 0.3045560866055094
(187|195) -0.5405419534087474
(187|197) 0.42949482321380933
(192|0) 0.702496095277547
(192|14) 0.6055860822694906
(192|15) 0.3045560866055094
(192|18) 0.3045560866055094
(192|24) 0.702496095277547
(192|37) 0.9066160779334718
(192|48) 0.42949482321380933
(192|61) 0.6055860822694906
(192|72) 0.5264048362218657
(192|89) 0.7816773413251719
(192|96) 0.3045560866055094
(192|98) 0.3045560866055094
(192|99) 0.3045560866055094
(192|110) 0.6055860822694906
(192|120) 0.4014660996135658
(192|132) 0.4014660996135658
(192|144) 0.4014660996135658
(192|156) 0.4014660996135658
(192|168) 0.4014660996135658
(192|183) 0.6055860822694906
(192|184) 0.6055860822694906
(192|185) 0.3045560866055094
(192|192) 0.4014660996135658
(193|1) -0.5405419534087474
(193|16) 0.3045560866055094
(193|17) -0.3322660109816649
(193|20) 0.7816773413251719
(193|25) -0.4735951637781342
(193|61) -0.37213752301935715
(193|87) -0.5985339003864342
(193|97) -0.4735951637781342
(193|181) 0.3045560866055094
(193|186) -0.5985339003864342
(194|19) 0.3837373326531342
(194|25) 0.34234464749490917
(194|62) 0.43925466050296563
(194|63) 0.3045560866055094
(194|100) -0.4735951637781342
(194|111) 0.3045560866055094
(195|1) -0.42244264133075293
(195|16) -0.39441391773050943
(195|25) -0.5985339003864342
(195|50) 0.3045560866055094
(195|60) -0.9258928347727645
(195|63) 0.3837373326531342
(195|87) 0.3045560866055094
(195|183) 0.3045560866055094
(195|186) -0.6954439133944906
(195|187) -0.5405419534087474
(196|90) -0.5405419534087474
(196|184) -0.35820174507606467
(196|186) 0.5264048362218657
(197|15) 0.3045560866055094
(197|16) 0.3045560866055094
(197|19) 0.3045560866055094
(197|25) 0.5677975213800908
(197|62) 0.3045560866055094
(197|110) 0.48064734566119066
(197|182) 0.3045560866055094
(197|186) 0.7816773413251719
(197|187) 0.42949482321380933
(198|15) -0.4735951637781342
(198|18) 0.6055860822694906
(198|25) 0.3715028762361226
(198|49) 0.4014660996135658
(198|90) 0.3045560866055094
(198|98) -0.39441391773050943
(198|110) 0.48064734566119066
(198|185) 0.3045560866055094
(198|186) 0.3045560866055094
(199|16) 0.3045560866055094
(199|18) 0.3045560866055094
(199|37) -0.39441391773050943
(199|108) -0.39441391773050943
(199|109) 0.3045560866055094
(199|182) 0.7816773413251719
